300	1.986429e+01	1.842858e+01	1.737929e+01	1.656248e+01	1.592473e+01	1.443696e+01	1.422277e+01	2.293991e+01	2.181522e+01	2.091358e+01	1.915848e+01	1.890753e+01	2.009677e+01	1.812071e+01	1.786519e+01	2.091358e+01
400	1.863279e+01	1.722221e+01	1.625146e+01	1.553518e+01	1.494141e+01	1.443696e+01	1.422277e+01	2.162044e+01	2.056801e+01	1.980460e+01	1.915848e+01	1.890753e+01	1.891239e+01	1.812071e+01	1.786519e+01	1.980460e+01
500	1.770602e+01	1.639283e+01	1.547863e+01	1.475606e+01	1.415916e+01	1.358021e+01	1.305161e+01	2.070624e+01	1.970093e+01	1.897522e+01	1.828014e+01	1.764359e+01	1.811756e+01	1.735415e+01	1.669520e+01	1.897522e+01
600	1.699916e+01	1.569226e+01	1.479062e+01	1.398009e+01	1.332035e+01	1.274544e+01	1.228926e+01	1.996796e+01	1.898464e+01	1.813641e+01	1.737615e+01	1.673021e+01	1.738557e+01	1.653923e+01	1.574064e+01	1.813641e+01
700	1.639283e+01	1.511106e+01	1.414973e+01	1.338004e+01	1.281770e+01	1.236374e+01	1.200285e+01	1.933650e+01	1.827779e+01	1.745469e+01	1.677297e+01	1.625984e+01	1.670699e+01	1.575698e+01	1.501332e+01	1.745469e+01
800	1.589646e+01	1.459270e+01	1.353084e+01	1.293708e+01	1.241243e+01	1.192054e+01	1.144347e+01	1.876473e+01	1.758664e+01	1.696774e+01	1.634989e+01	1.584769e+01	1.602841e+01	1.526438e+01	1.486330e+01	1.696774e+01
900	1.541894e+01	1.415287e+01	1.323553e+01	1.253181e+01	1.195690e+01	1.140959e+01	1.091000e+01	1.829035e+01	1.729133e+01	1.652792e+01	1.589410e+01	1.532942e+01	1.575195e+01	1.515536e+01	1.466528e+01	1.652792e+01
1000	1.502310e+01	1.376960e+01	1.286796e+01	1.216425e+01	1.156106e+01	1.103238e+01	1.059097e+01	1.787252e+01	1.688920e+01	1.612265e+01	1.547149e+01	1.489092e+01	1.536553e+01	1.461094e+01	1.385724e+01	1.612265e+01
1100	1.467087e+01	1.342659e+01	1.252117e+01	1.182480e+01	1.121675e+01	1.070332e+01	1.027028e+01	1.749812e+01	1.650707e+01	1.574653e+01	1.508131e+01	1.449449e+01	1.499736e+01	1.425092e+01	1.365585e+01	1.574653e+01
1200	1.434451e+01	1.311615e+01	1.222394e+01	1.151080e+01	1.090761e+01	1.040250e+01	9.972675e+00	1.715938e+01	1.618234e+01	1.539695e+01	1.472464e+01	1.414248e+01	1.468695e+01	1.396177e+01	1.335506e+01	1.539695e+01
1300	1.404270e+01	1.283175e+01	1.194448e+01	1.122357e+01	1.062746e+01	1.013022e+01	9.707781e+00	1.684714e+01	1.587372e+01	1.507422e+01	1.440212e+01	1.382997e+01	1.439304e+01	1.364421e+01	1.297461e+01	1.507422e+01
1400	1.376446e+01	1.256909e+01	1.167862e+01	1.096077e+01	1.037212e+01	9.882580e+00	9.466828e+00	1.655707e+01	1.557680e+01	1.477655e+01	1.410848e+01	1.354601e+01	1.411093e+01	1.334367e+01	1.268126e+01	1.477655e+01
1500	1.350885e+01	1.232447e+01	1.142911e+01	1.071911e+01	1.013792e+01	9.655074e+00	9.244207e+00	1.628602e+01	1.529641e+01	1.450159e+01	1.383965e+01	1.328648e+01	1.384500e+01	1.307643e+01	1.244592e+01	1.450159e+01
1600	1.327461e+01	1.209461e+01	1.119790e+01	1.049556e+01	9.921464e+00	9.444321e+00	9.037629e+00	1.603118e+01	1.503618e+01	1.424700e+01	1.359219e+01	1.304708e+01	1.359855e+01	1.283927e+01	1.223371e+01	1.424700e+01
1700	1.305905e+01	1.187816e+01	1.098377e+01	1.028798e+01	9.720420e+00	9.248382e+00	8.844936e+00	1.579114e+01	1.479498e+01	1.401048e+01	1.336268e+01	1.282291e+01	1.337045e+01	1.262226e+01	1.202849e+01	1.401048e+01
1800	1.285915e+01	1.167423e+01	1.078472e+01	1.009447e+01	9.532727e+00	9.064607e+00	8.661491e+00	1.556478e+01	1.457048e+01	1.378973e+01	1.314767e+01	1.260901e+01	1.315844e+01	1.242013e+01	1.183071e+01	1.378973e+01
1900	1.267184e+01	1.148191e+01	1.059873e+01	9.913135e+00	9.356327e+00	8.890056e+00	8.483480e+00	1.535102e+01	1.436036e+01	1.358244e+01	1.294372e+01	1.240122e+01	1.296028e+01	1.222931e+01	1.163807e+01	1.358244e+01
2000	1.249411e+01	1.130031e+01	1.042380e+01	9.742079e+00	9.189159e+00	8.722228e+00	8.310798e+00	1.514876e+01	1.416230e+01	1.338633e+01	1.274793e+01	1.219966e+01	1.277372e+01	1.204672e+01	1.145114e+01	1.338633e+01
2100	1.232341e+01	1.112858e+01	1.025817e+01	9.579649e+00	9.029475e+00	8.560913e+00	8.147965e+00	1.495697e+01	1.397426e+01	1.319940e+01	1.255993e+01	1.200986e+01	1.259678e+01	1.187196e+01	1.127621e+01	1.319940e+01
2200	1.215913e+01	1.096601e+01	1.010102e+01	9.425180e+00	8.876784e+00	8.407601e+00	7.997260e+00	1.477485e+01	1.379530e+01	1.302092e+01	1.238121e+01	1.183394e+01	1.242857e+01	1.170629e+01	1.111458e+01	1.302092e+01
2300	1.200119e+01	1.081192e+01	9.951761e+00	9.278253e+00	8.730904e+00	8.262483e+00	7.856680e+00	1.460167e+01	1.362480e+01	1.285047e+01	1.221166e+01	1.166863e+01	1.226847e+01	1.154921e+01	1.096166e+01	1.285047e+01
2400	1.184949e+01	1.066566e+01	9.809816e+00	9.138449e+00	8.591658e+00	8.125304e+00	7.725282e+00	1.443670e+01	1.346209e+01	1.268763e+01	1.205067e+01	1.151226e+01	1.211585e+01	1.139974e+01	1.081504e+01	1.268763e+01
2500	1.170392e+01	1.052656e+01	9.674603e+00	9.005349e+00	8.458864e+00	7.995801e+00	7.602710e+00	1.427919e+01	1.330654e+01	1.253199e+01	1.189759e+01	1.136381e+01	1.197009e+01	1.125687e+01	1.067322e+01	1.253199e+01
2600	1.156439e+01	1.039393e+01	9.545543e+00	8.878534e+00	8.332343e+00	7.873725e+00	7.488623e+00	1.412842e+01	1.315749e+01	1.238312e+01	1.175175e+01	1.122246e+01	1.183056e+01	1.111959e+01	1.053476e+01	1.238312e+01
2700	1.143080e+01	1.026712e+01	9.422053e+00	8.757586e+00	8.211916e+00	7.758816e+00	7.382656e+00	1.398365e+01	1.301431e+01	1.224059e+01	1.161259e+01	1.108747e+01	1.169664e+01	1.098695e+01	1.039817e+01	1.224059e+01
2800	1.130305e+01	1.014545e+01	9.303554e+00	8.642085e+00	8.097402e+00	7.650816e+00	7.284465e+00	1.384414e+01	1.287635e+01	1.210401e+01	1.147947e+01	1.095769e+01	1.156771e+01	1.085791e+01	1.026176e+01	1.210401e+01
2900	1.118105e+01	1.002826e+01	9.189464e+00	8.531613e+00	7.988623e+00	7.549472e+00	7.193516e+00	1.370915e+01	1.274296e+01	1.197293e+01	1.135170e+01	1.083251e+01	1.144314e+01	1.073145e+01	1.012496e+01	1.197293e+01
3000	1.106469e+01	9.914866e+00	9.079203e+00	8.425751e+00	7.885398e+00	7.454427e+00	7.108321e+00	1.357796e+01	1.261349e+01	1.184695e+01	1.122883e+01	1.071249e+01	1.132230e+01	1.060695e+01	9.991970e+00	1.184695e+01
3100	1.095380e+01	9.804721e+00	8.972282e+00	8.324111e+00	7.787503e+00	7.364882e+00	7.026545e+00	1.344997e+01	1.248744e+01	1.172568e+01	1.111074e+01	1.059899e+01	1.120469e+01	1.048546e+01	9.869954e+00	1.172568e+01
3200	1.084794e+01	9.697687e+00	8.868586e+00	8.226423e+00	7.694537e+00	7.279801e+00	6.946940e+00	1.332512e+01	1.236476e+01	1.160891e+01	1.099771e+01	1.049207e+01	1.109029e+01	1.036869e+01	9.759602e+00	1.160891e+01
3300	1.074657e+01	9.593738e+00	8.768093e+00	8.132451e+00	7.606056e+00	7.198452e+00	6.869270e+00	1.320351e+01	1.224556e+01	1.149648e+01	1.088953e+01	1.039044e+01	1.097919e+01	1.025705e+01	9.657656e+00	1.149648e+01
3400	1.064918e+01	9.492850e+00	8.670780e+00	8.041955e+00	7.521614e+00	7.120198e+00	6.792842e+00	1.308522e+01	1.212994e+01	1.138820e+01	1.078597e+01	1.029364e+01	1.087146e+01	1.015073e+01	9.563956e+00	1.138820e+01
3500	1.055525e+01	9.394998e+00	8.576625e+00	7.954699e+00	7.440767e+00	7.044402e+00	6.716782e+00	1.297034e+01	1.201801e+01	1.128393e+01	1.068680e+01	1.020109e+01	1.076721e+01	1.004995e+01	9.478527e+00	1.128393e+01
3600	1.046424e+01	9.300157e+00	8.485605e+00	7.870443e+00	7.363068e+00	6.970429e+00	6.640231e+00	1.285895e+01	1.190986e+01	1.118347e+01	1.059169e+01	1.011262e+01	1.066653e+01	9.954810e+00	9.401145e+00	1.118347e+01
3700	1.037565e+01	9.208301e+00	8.397699e+00	7.788951e+00	7.288074e+00	6.897647e+00	6.562310e+00	1.275115e+01	1.180559e+01	1.108667e+01	1.050050e+01	1.002792e+01	1.056951e+01	9.865400e+00	9.332242e+00	1.108667e+01
3800	1.028893e+01	9.119406e+00	8.312883e+00	7.709983e+00	7.215339e+00	6.825418e+00	6.482128e+00	1.264702e+01	1.170530e+01	1.099336e+01	1.041288e+01	9.946204e+00	1.047623e+01	9.781894e+00	9.272330e+00	1.099336e+01
3900	1.020358e+01	9.033447e+00	8.231135e+00	7.633303e+00	7.144419e+00	6.753104e+00	6.399256e+00	1.254665e+01	1.160910e+01	1.090336e+01	1.032857e+01	9.867311e+00	1.038679e+01	9.704485e+00	9.220450e+00	1.090336e+01
4000	1.011907e+01	8.950397e+00	8.152433e+00	7.558672e+00	7.074867e+00	6.680250e+00	6.315629e+00	1.245013e+01	1.151708e+01	1.081650e+01	1.024730e+01	9.789312e+00	1.030128e+01	9.632960e+00	9.169860e+00	1.081650e+01
4100	1.003500e+01	8.870212e+00	8.076729e+00	7.485881e+00	7.006303e+00	6.607256e+00	6.234697e+00	1.235748e+01	1.142925e+01	1.073260e+01	1.016827e+01	9.709142e+00	1.021971e+01	9.565555e+00	9.111747e+00	1.073260e+01
4200	9.951498e+00	8.792758e+00	8.003870e+00	7.414840e+00	6.938607e+00	6.534861e+00	6.156616e+00	1.226843e+01	1.134525e+01	1.065133e+01	1.009052e+01	9.626473e+00	1.014173e+01	9.500138e+00	9.045650e+00	1.065133e+01
4300	9.868808e+00	8.717881e+00	7.933679e+00	7.345486e+00	6.871721e+00	6.463163e+00	6.079445e+00	1.218265e+01	1.126463e+01	1.057237e+01	1.001359e+01	9.541573e+00	1.006695e+01	9.435701e+00	8.974704e+00	1.057237e+01
4400	9.787181e+00	8.645428e+00	7.865979e+00	7.277758e+00	6.805588e+00	6.392082e+00	6.002616e+00	1.209980e+01	1.118693e+01	1.049539e+01	9.936847e+00	9.453609e+00	9.994928e+00	9.371488e+00	8.899350e+00	1.049539e+01
4500	9.706865e+00	8.575243e+00	7.800591e+00	7.211594e+00	6.740151e+00	6.321539e+00	5.926019e+00	1.201957e+01	1.111171e+01	1.042004e+01	9.859827e+00	9.362481e+00	9.925259e+00	9.306937e+00	8.818828e+00	1.042004e+01
4600	9.628110e+00	8.507174e+00	7.737338e+00	7.146933e+00	6.675353e+00	6.251453e+00	5.849530e+00	1.194161e+01	1.103850e+01	1.034600e+01	9.782117e+00	9.267169e+00	9.857523e+00	9.241325e+00	8.731737e+00	1.034600e+01
4700	9.551164e+00	8.441065e+00	7.676043e+00	7.083713e+00	6.611138e+00	6.181739e+00	5.773036e+00	1.186560e+01	1.096686e+01	1.027294e+01	9.703104e+00	9.166610e+00	9.791303e+00	9.174000e+00	8.637275e+00	1.027294e+01
4800	9.476276e+00	8.376763e+00	7.616527e+00	7.021871e+00	6.547447e+00	6.112320e+00	5.696444e+00	1.179119e+01	1.089634e+01	1.020051e+01	9.622310e+00	9.060653e+00	9.726182e+00	9.104289e+00	8.534382e+00	1.020051e+01
4900	9.403696e+00	8.314114e+00	7.558613e+00	6.961347e+00	6.484226e+00	6.043114e+00	5.620058e+00	1.171806e+01	1.082647e+01	1.012839e+01	9.539288e+00	8.949715e+00	9.661742e+00	9.031524e+00	8.423992e+00	1.012839e+01
5000	9.333672e+00	8.252964e+00	7.502123e+00	6.902079e+00	6.421415e+00	5.974179e+00	5.546369e+00	1.164588e+01	1.075681e+01	1.005624e+01	9.453861e+00	8.840884e+00	9.597566e+00	8.955506e+00	8.316187e+00	1.005624e+01
5100	9.266377e+00	8.193175e+00	7.446897e+00	6.844011e+00	6.359000e+00	5.906215e+00	5.478909e+00	1.157439e+01	1.068701e+01	9.983819e+00	9.367654e+00	8.744429e+00	9.533330e+00	8.878087e+00	8.224338e+00	9.983819e+00
5200	9.201677e+00	8.134674e+00	7.392839e+00	6.787113e+00	6.297121e+00	5.840123e+00	5.417976e+00	1.150360e+01	1.061713e+01	9.911260e+00	9.282779e+00	8.659844e+00	9.469087e+00	8.801683e+00	8.146910e+00	9.911260e+00
5300	9.139366e+00	8.077406e+00	7.339873e+00	6.731360e+00	6.235962e+00	5.776323e+00	5.362066e+00	1.143361e+01	1.054734e+01	9.838785e+00	9.199941e+00	8.581719e+00	9.404983e+00	8.726986e+00	8.075756e+00	9.838785e+00
5400	9.079232e+00	8.021314e+00	7.287922e+00	6.676730e+00	6.175707e+00	5.715064e+00	5.311019e+00	1.136450e+01	1.047780e+01	9.766616e+00	9.119476e+00	8.509224e+00	9.341163e+00	8.654234e+00	8.009282e+00	9.766616e+00
5500	9.021068e+00	7.966342e+00	7.236908e+00	6.623196e+00	6.116536e+00	5.656606e+00	5.265275e+00	1.129637e+01	1.040867e+01	9.694976e+00	9.041727e+00	8.442822e+00	9.277774e+00	8.583663e+00	7.947791e+00	9.694976e+00
5600	8.964665e+00	7.912435e+00	7.186753e+00	6.570737e+00	6.058634e+00	5.601222e+00	5.225157e+00	1.122931e+01	1.034013e+01	9.624089e+00	8.967027e+00	8.382932e+00	9.214961e+00	8.515499e+00	7.891646e+00	9.624089e+00
5700	8.909813e+00	7.859536e+00	7.137381e+00	6.519326e+00	6.002183e+00	5.549159e+00	5.191001e+00	1.116341e+01	1.027233e+01	9.554177e+00	8.895703e+00	8.330055e+00	9.152870e+00	8.449980e+00	7.841234e+00	9.554177e+00
5800	8.856304e+00	7.807589e+00	7.088714e+00	6.468941e+00	5.947365e+00	5.500686e+00	5.163222e+00	1.109876e+01	1.020545e+01	9.485463e+00	8.828096e+00	8.284698e+00	9.091647e+00	8.387341e+00	7.796880e+00	9.485463e+00
5900	8.803928e+00	7.756538e+00	7.040674e+00	6.419557e+00	5.894364e+00	5.456066e+00	5.141427e+00	1.103546e+01	1.013965e+01	9.418170e+00	8.764539e+00	8.246330e+00	9.031438e+00	8.327816e+00	7.758051e+00	9.418170e+00
6000	8.752477e+00	7.706327e+00	6.993185e+00	6.371150e+00	5.843362e+00	5.415361e+00	5.121773e+00	1.097358e+01	1.007509e+01	9.352521e+00	8.705131e+00	8.209793e+00	8.972389e+00	8.271457e+00	7.720162e+00	9.352521e+00
6100	8.701775e+00	7.656907e+00	6.946180e+00	6.323697e+00	5.794497e+00	5.377776e+00	5.099125e+00	1.091321e+01	1.001191e+01	9.288692e+00	8.648960e+00	8.168430e+00	8.914616e+00	8.217557e+00	7.677632e+00	9.288692e+00
6200	8.651781e+00	7.608260e+00	6.899634e+00	6.277179e+00	5.747721e+00	5.342272e+00	5.073938e+00	1.085430e+01	9.950101e+00	9.226672e+00	8.594846e+00	8.123211e+00	8.858117e+00	8.165242e+00	7.631702e+00	9.226672e+00
6300	8.602486e+00	7.560373e+00	6.853537e+00	6.231578e+00	5.702944e+00	5.308528e+00	5.049165e+00	1.079680e+01	9.889641e+00	9.166403e+00	8.542461e+00	8.078418e+00	8.802862e+00	8.114291e+00	7.586134e+00	9.166403e+00
6400	8.553882e+00	7.513237e+00	6.807874e+00	6.186877e+00	5.660073e+00	5.276402e+00	5.025397e+00	1.074066e+01	9.830490e+00	9.107826e+00	8.491725e+00	8.035007e+00	8.748820e+00	8.064641e+00	7.541708e+00	9.107826e+00
6500	8.505961e+00	7.466839e+00	6.762634e+00	6.143058e+00	5.619016e+00	5.245777e+00	5.002497e+00	1.068582e+01	9.772617e+00	9.050884e+00	8.442554e+00	7.992819e+00	8.695959e+00	8.016241e+00	7.498448e+00	9.050884e+00
6600	8.458714e+00	7.421169e+00	6.717803e+00	6.100102e+00	5.579683e+00	5.216518e+00	4.980167e+00	1.063221e+01	9.715988e+00	8.995519e+00	8.394858e+00	7.951668e+00	8.644248e+00	7.969048e+00	7.456256e+00	8.995519e+00
6700	8.412133e+00	7.376215e+00	6.673370e+00	6.057993e+00	5.541981e+00	5.188479e+00	4.958291e+00	1.057980e+01	9.660570e+00	8.941673e+00	8.348544e+00	7.911496e+00	8.593656e+00	7.923006e+00	7.415086e+00	8.941673e+00
6800	8.366209e+00	7.331965e+00	6.629320e+00	6.016712e+00	5.505817e+00	5.161548e+00	4.936744e+00	1.052852e+01	9.606329e+00	8.889287e+00	8.303535e+00	7.872200e+00	8.544151e+00	7.878077e+00	7.374888e+00	8.889287e+00
6900	8.320935e+00	7.288408e+00	6.585643e+00	5.976241e+00	5.471102e+00	5.135585e+00	4.915252e+00	1.047831e+01	9.553233e+00	8.838305e+00	8.259740e+00	7.833564e+00	8.495704e+00	7.834208e+00	7.335462e+00	8.838305e+00
7000	8.276302e+00	7.245534e+00	6.542324e+00	5.936564e+00	5.437741e+00	5.110456e+00	4.893692e+00	1.042911e+01	9.501249e+00	8.788667e+00	8.217064e+00	7.795535e+00	8.448282e+00	7.791339e+00	7.296795e+00	8.788667e+00
7100	8.232302e+00	7.203330e+00	6.499352e+00	5.897661e+00	5.405645e+00	5.086038e+00	4.871875e+00	1.038088e+01	9.450342e+00	8.740316e+00	8.175434e+00	7.757982e+00	8.401855e+00	7.749429e+00	7.258824e+00	8.740316e+00
7200	8.188926e+00	7.161786e+00	6.456714e+00	5.859515e+00	5.374720e+00	5.062194e+00	4.849609e+00	1.033356e+01	9.400480e+00	8.693194e+00	8.134750e+00	7.720761e+00	8.356391e+00	7.708420e+00	7.221505e+00	8.693194e+00
7300	8.146167e+00	7.120890e+00	6.414397e+00	5.822108e+00	5.344876e+00	5.038797e+00	4.826701e+00	1.028709e+01	9.351631e+00	8.647242e+00	8.094936e+00	7.683798e+00	8.311859e+00	7.668276e+00	7.184793e+00	8.647242e+00
7400	8.104015e+00	7.080630e+00	6.372388e+00	5.785423e+00	5.316020e+00	5.015707e+00	4.802974e+00	1.024140e+01	9.303759e+00	8.602404e+00	8.055902e+00	7.646900e+00	8.268229e+00	7.628943e+00	7.148422e+00	8.602404e+00
7500	8.062463e+00	7.040996e+00	6.330675e+00	5.749442e+00	5.288060e+00	4.992801e+00	4.778315e+00	1.019646e+01	9.256833e+00	8.558620e+00	8.017557e+00	7.609970e+00	8.225469e+00	7.590354e+00	7.112419e+00	8.558620e+00
7600	8.021502e+00	7.001977e+00	6.289246e+00	5.714147e+00	5.260905e+00	4.969950e+00	4.752473e+00	1.015220e+01	9.210819e+00	8.515834e+00	7.979819e+00	7.572851e+00	8.183547e+00	7.552473e+00	7.076880e+00	8.515834e+00
7700	7.981125e+00	6.963560e+00	6.248087e+00	5.679520e+00	5.234463e+00	4.947017e+00	4.725255e+00	1.010856e+01	9.165684e+00	8.473986e+00	7.942590e+00	7.535438e+00	8.142433e+00	7.515260e+00	7.041609e+00	8.473986e+00
7800	7.941322e+00	6.925735e+00	6.207185e+00	5.645543e+00	5.208642e+00	4.923870e+00	4.696505e+00	1.006549e+01	9.121395e+00	8.433019e+00	7.905791e+00	7.497691e+00	8.102096e+00	7.478658e+00	7.006416e+00	8.433019e+00
7900	7.902085e+00	6.888490e+00	6.166529e+00	5.612198e+00	5.183350e+00	4.900378e+00	4.666071e+00	1.002294e+01	9.077918e+00	8.392874e+00	7.869341e+00	7.459429e+00	8.062505e+00	7.442608e+00	6.971257e+00	8.392874e+00
8000	7.863406e+00	6.851814e+00	6.126106e+00	5.579469e+00	5.158495e+00	4.876415e+00	4.633784e+00	9.980840e+00	9.035220e+00	8.353495e+00	7.833148e+00	7.420480e+00	8.023628e+00	7.407060e+00	6.936157e+00	8.353495e+00
8100	7.825278e+00	6.815695e+00	6.085902e+00	5.547336e+00	5.133986e+00	4.851851e+00	4.599409e+00	9.939142e+00	8.993269e+00	8.314822e+00	7.797124e+00	7.380753e+00	7.985434e+00	7.371972e+00	6.901117e+00	8.314822e+00
8200	7.787690e+00	6.780123e+00	6.045906e+00	5.515782e+00	5.109731e+00	4.826550e+00	4.562723e+00	9.897788e+00	8.952031e+00	8.276799e+00	7.761183e+00	7.340086e+00	7.947892e+00	7.337304e+00	6.865915e+00	8.276799e+00
8300	7.750636e+00	6.745086e+00	6.006104e+00	5.484790e+00	5.085638e+00	4.800373e+00	4.523652e+00	9.856723e+00	8.911472e+00	8.239366e+00	7.725229e+00	7.298420e+00	7.910972e+00	7.302989e+00	6.830388e+00	8.239366e+00
8400	7.714107e+00	6.710572e+00	5.966484e+00	5.454341e+00	5.061614e+00	4.773206e+00	4.482020e+00	9.815890e+00	8.871560e+00	8.202466e+00	7.689191e+00	7.255658e+00	7.874641e+00	7.268976e+00	6.794686e+00	8.202466e+00
8500	7.678094e+00	6.676571e+00	5.927034e+00	5.424417e+00	5.037570e+00	4.744909e+00	4.437535e+00	9.775232e+00	8.832261e+00	8.166041e+00	7.652974e+00	7.211539e+00	7.838869e+00	7.235233e+00	6.758652e+00	8.166041e+00
8600	7.642590e+00	6.643072e+00	5.887740e+00	5.395002e+00	5.013411e+00	4.715347e+00	4.390106e+00	9.734695e+00	8.793542e+00	8.130033e+00	7.616484e+00	7.166050e+00	7.803625e+00	7.201694e+00	6.722122e+00	8.130033e+00
8700	7.607585e+00	6.610061e+00	5.848590e+00	5.366077e+00	4.989048e+00	4.684399e+00	4.339501e+00	9.694221e+00	8.755371e+00	8.094383e+00	7.579648e+00	7.119096e+00	7.768877e+00	7.168316e+00	6.685156e+00	8.094383e+00
8800	7.573072e+00	6.577530e+00	5.809572e+00	5.337624e+00	4.964387e+00	4.651918e+00	4.285549e+00	9.653755e+00	8.717713e+00	8.059035e+00	7.542372e+00	7.070453e+00	7.734595e+00	7.135051e+00	6.647620e+00	8.059035e+00
8900	7.539043e+00	6.545465e+00	5.770672e+00	5.309626e+00	4.939337e+00	4.617786e+00	4.228163e+00	9.613241e+00	8.680535e+00	8.023929e+00	7.504570e+00	7.020039e+00	7.700747e+00	7.101848e+00	6.609374e+00	8.023929e+00
9000	7.505489e+00	6.513857e+00	5.731878e+00	5.282064e+00	4.913806e+00	4.581873e+00	4.167095e+00	9.572621e+00	8.643805e+00	7.989009e+00	7.466154e+00	6.967681e+00	7.667303e+00	7.068650e+00	6.570390e+00	7.989009e+00
9100	7.472401e+00	6.482692e+00	5.693178e+00	5.254921e+00	4.887703e+00	4.544048e+00	4.102092e+00	9.531841e+00	8.607489e+00	7.954215e+00	7.427029e+00	6.913336e+00	7.634230e+00	7.035414e+00	6.530678e+00	7.954215e+00
9200	7.439772e+00	6.451962e+00	5.654558e+00	5.228179e+00	4.860936e+00	4.504167e+00	4.032982e+00	9.490844e+00	8.571554e+00	7.919490e+00	7.387124e+00	6.856912e+00	7.601499e+00	7.002091e+00	6.490026e+00	7.919490e+00
9300	7.407593e+00	6.421653e+00	5.616007e+00	5.201821e+00	4.833412e+00	4.462103e+00	3.959709e+00	9.449574e+00	8.535967e+00	7.884776e+00	7.346345e+00	6.798171e+00	7.569077e+00	6.968623e+00	6.448411e+00	7.884776e+00
9400	7.375856e+00	6.391754e+00	5.577511e+00	5.175828e+00	4.805040e+00	4.417733e+00	3.882070e+00	9.407974e+00	8.500694e+00	7.850015e+00	7.304604e+00	6.737037e+00	7.536934e+00	6.934967e+00	6.405849e+00	7.850015e+00
9500	7.344552e+00	6.362255e+00	5.539058e+00	5.150182e+00	4.775728e+00	4.370926e+00	3.799809e+00	9.365989e+00	8.465703e+00	7.815149e+00	7.261814e+00	6.673333e+00	7.505038e+00	6.901076e+00	6.362194e+00	7.815149e+00
9600	7.313674e+00	6.333144e+00	5.500634e+00	5.124867e+00	4.745385e+00	4.321545e+00	3.712730e+00	9.323562e+00	8.430960e+00	7.780120e+00	7.217880e+00	6.607026e+00	7.473359e+00	6.866898e+00	6.317373e+00	7.780120e+00
9700	7.283212e+00	6.304410e+00	5.462229e+00	5.099864e+00	4.713918e+00	4.269457e+00	3.620691e+00	9.280638e+00	8.396431e+00	7.744869e+00	7.172731e+00	6.538023e+00	7.441865e+00	6.832385e+00	6.271311e+00	7.744869e+00
9800	7.253160e+00	6.276041e+00	5.423828e+00	5.075155e+00	4.681236e+00	4.214532e+00	3.523555e+00	9.237160e+00	8.362085e+00	7.709340e+00	7.126273e+00	6.466077e+00	7.410526e+00	6.797487e+00	6.223772e+00	7.709340e+00
9900	7.223507e+00	6.248026e+00	5.385420e+00	5.050722e+00	4.647246e+00	4.156644e+00	3.421156e+00	9.193072e+00	8.327887e+00	7.673473e+00	7.078417e+00	6.391117e+00	7.379310e+00	6.762134e+00	6.174883e+00	7.673473e+00
10000	7.194247e+00	6.220353e+00	5.346991e+00	5.026548e+00	4.611858e+00	4.095665e+00	3.313184e+00	9.148318e+00	8.293805e+00	7.637212e+00	7.029079e+00	6.312959e+00	7.348185e+00	6.726305e+00	6.124707e+00	7.637212e+00
10100	7.165371e+00	6.193013e+00	5.308529e+00	5.002615e+00	4.574979e+00	4.031448e+00	3.199519e+00	9.102841e+00	8.259804e+00	7.600497e+00	6.978160e+00	6.231643e+00	7.317122e+00	6.689942e+00	6.072826e+00	7.600497e+00
10200	7.136870e+00	6.165992e+00	5.270021e+00	4.978905e+00	4.536517e+00	3.963874e+00	3.080097e+00	9.056587e+00	8.225853e+00	7.563271e+00	6.925601e+00	6.146972e+00	7.286088e+00	6.652984e+00	6.019307e+00	7.563271e+00
10300	7.108736e+00	6.139280e+00	5.231455e+00	4.955401e+00	4.496381e+00	3.892816e+00	2.954603e+00	9.009497e+00	8.191917e+00	7.525477e+00	6.871290e+00	6.058590e+00	7.255053e+00	6.615392e+00	5.964096e+00	7.525477e+00
10400	7.080961e+00	6.112866e+00	5.192817e+00	4.932084e+00	4.454479e+00	3.818133e+00	2.822793e+00	8.961517e+00	8.157964e+00	7.487055e+00	6.815137e+00	5.966680e+00	7.223985e+00	6.577105e+00	5.907188e+00	7.487055e+00
10500	7.053536e+00	6.086738e+00	5.154096e+00	4.908936e+00	4.410719e+00	3.739687e+00	2.684662e+00	8.912590e+00	8.123961e+00	7.447948e+00	6.757074e+00	5.871091e+00	7.192853e+00	6.538094e+00	5.848552e+00	7.447948e+00
10600	7.026454e+00	6.060885e+00	5.115279e+00	4.885941e+00	4.365008e+00	3.657367e+00	2.540027e+00	8.862660e+00	8.089873e+00	7.408098e+00	6.697006e+00	5.771554e+00	7.161627e+00	6.498300e+00	5.787820e+00	7.408098e+00
10700	6.999705e+00	6.035295e+00	5.076352e+00	4.863079e+00	4.317257e+00	3.571031e+00	2.388531e+00	8.811672e+00	8.055668e+00	7.367447e+00	6.634845e+00	5.668009e+00	7.130275e+00	6.457662e+00	5.725078e+00	7.367447e+00
10800	6.973283e+00	6.009958e+00	5.037304e+00	4.840334e+00	4.267371e+00	3.480545e+00	2.230142e+00	8.759567e+00	8.021314e+00	7.325937e+00	6.570504e+00	5.560332e+00	7.098766e+00	6.416141e+00	5.660366e+00	7.325937e+00
10900	6.947177e+00	5.984862e+00	4.998122e+00	4.817687e+00	4.215261e+00	3.385787e+00	2.064593e+00	8.706292e+00	7.986776e+00	7.283510e+00	6.503897e+00	5.448328e+00	7.067069e+00	6.373687e+00	5.593418e+00	7.283510e+00
11000	6.921381e+00	5.959995e+00	4.958793e+00	4.795121e+00	4.160833e+00	3.286608e+00	1.891778e+00	8.651789e+00	7.952021e+00	7.240108e+00	6.434926e+00	5.331995e+00	7.035153e+00	6.330240e+00	5.524235e+00	7.240108e+00
11100	6.895885e+00	5.935347e+00	4.919304e+00	4.772618e+00	4.103996e+00	3.182902e+00	1.711562e+00	8.596002e+00	7.917016e+00	7.195672e+00	6.363524e+00	5.211320e+00	7.002986e+00	6.285760e+00	5.452864e+00	7.195672e+00
11200	6.870682e+00	5.910905e+00	4.879642e+00	4.750160e+00	4.044659e+00	3.074523e+00	1.523518e+00	8.538876e+00	7.881729e+00	7.150146e+00	6.289603e+00	5.085889e+00	6.970538e+00	6.240197e+00	5.379026e+00	7.150146e+00
11300	6.845763e+00	5.886660e+00	4.839796e+00	4.727729e+00	3.982729e+00	2.961330e+00	1.327725e+00	8.480353e+00	7.846125e+00	7.103471e+00	6.213059e+00	4.955536e+00	6.937777e+00	6.193491e+00	5.302837e+00	7.103471e+00
11400	6.821120e+00	5.862599e+00	4.799753e+00	4.705307e+00	3.918114e+00	2.843216e+00	1.123994e+00	8.420379e+00	7.810172e+00	7.055589e+00	6.133804e+00	4.820436e+00	6.904672e+00	6.145614e+00	5.224155e+00	7.055589e+00
11500	6.796744e+00	5.838711e+00	4.759499e+00	4.682877e+00	3.850724e+00	2.720036e+00	9.119442e-01	8.358896e+00	7.773836e+00	7.006441e+00	6.051768e+00	4.680509e+00	6.871193e+00	6.096496e+00	5.142760e+00	7.006441e+00
11600	6.772628e+00	5.814985e+00	4.719022e+00	4.660422e+00	3.780465e+00	2.591656e+00	6.915657e-01	8.295849e+00	7.737084e+00	6.955971e+00	5.966868e+00	4.535237e+00	6.837307e+00	6.046094e+00	5.058812e+00	6.955971e+00
11700	6.748762e+00	5.791409e+00	4.678309e+00	4.637922e+00	3.707247e+00	2.457954e+00	4.625758e-01	8.231181e+00	7.699884e+00	6.904120e+00	5.878986e+00	4.384678e+00	6.802985e+00	5.994363e+00	4.972017e+00	6.904120e+00
11800	6.725140e+00	5.767973e+00	4.637349e+00	4.615360e+00	3.630977e+00	2.318783e+00	2.248222e-01	8.164837e+00	7.662201e+00	6.850829e+00	5.788062e+00	4.229006e+00	6.768194e+00	5.941238e+00	4.882387e+00	6.850829e+00
11900	6.701751e+00	5.744664e+00	4.596128e+00	4.592719e+00	3.551563e+00	2.174027e+00	-2.171906e-02	8.096760e+00	7.624003e+00	6.796042e+00	5.694013e+00	4.067606e+00	6.732904e+00	5.886683e+00	4.789987e+00	6.796042e+00
12000	6.678588e+00	5.721472e+00	4.554633e+00	4.569981e+00	3.468914e+00	2.023557e+00	-2.774131e-01	8.026894e+00	7.585256e+00	6.739700e+00	5.596720e+00	3.900544e+00	6.697083e+00	5.830647e+00	4.694629e+00	6.739700e+00
12100	6.655644e+00	5.698385e+00	4.512852e+00	4.547127e+00	3.382938e+00	1.867232e+00	-5.424597e-01	7.955183e+00	7.545927e+00	6.681744e+00	5.496126e+00	3.727921e+00	6.660701e+00	5.773081e+00	4.596116e+00	6.681744e+00
12200	6.632908e+00	5.675392e+00	4.470772e+00	4.524141e+00	3.293543e+00	1.704920e+00	-8.169099e-01	7.881571e+00	7.505984e+00	6.622118e+00	5.392134e+00	3.549342e+00	6.623726e+00	5.713923e+00	4.494470e+00	6.622118e+00
12300	6.610374e+00	5.652482e+00	4.428381e+00	4.501003e+00	3.200637e+00	1.536500e+00	-1.100924e+00	7.806001e+00	7.465392e+00	6.560762e+00	5.284658e+00	3.364856e+00	6.586127e+00	5.653135e+00	4.389890e+00	6.560762e+00
12400	6.588033e+00	5.629643e+00	4.385666e+00	4.477698e+00	3.104129e+00	1.361840e+00	-1.394886e+00	7.728418e+00	7.424119e+00	6.497620e+00	5.173620e+00	3.174088e+00	6.547873e+00	5.590680e+00	4.281823e+00	6.497620e+00
12500	6.565876e+00	5.606864e+00	4.342614e+00	4.454205e+00	3.003927e+00	1.180793e+00	-1.698945e+00	7.648766e+00	7.382131e+00	6.432633e+00	5.058904e+00	2.977035e+00	6.508934e+00	5.526471e+00	4.170247e+00	6.432633e+00
12600	6.543895e+00	5.584134e+00	4.299213e+00	4.430509e+00	2.899938e+00	9.932340e-01	-2.013057e+00	7.566987e+00	7.339395e+00	6.365742e+00	4.940451e+00	2.773910e+00	6.469276e+00	5.460482e+00	4.055650e+00	6.365742e+00
12700	6.522082e+00	5.561442e+00	4.255449e+00	4.406591e+00	2.792071e+00	7.990419e-01	-2.337450e+00	7.483027e+00	7.295879e+00	6.296891e+00	4.818177e+00	2.564030e+00	6.428871e+00	5.392678e+00	3.937468e+00	6.296891e+00
12800	6.500429e+00	5.538775e+00	4.211311e+00	4.382433e+00	2.680234e+00	5.980854e-01	-2.672447e+00	7.396829e+00	7.251548e+00	6.226021e+00	4.691962e+00	2.347491e+00	6.387686e+00	5.322982e+00	3.815571e+00	6.226021e+00
12900	6.478927e+00	5.516123e+00	4.166786e+00	4.358017e+00	2.564336e+00	3.902253e-01	-3.018248e+00	7.308336e+00	7.206370e+00	6.153073e+00	4.561750e+00	2.124521e+00	6.345691e+00	5.251358e+00	3.690039e+00	6.153073e+00
13000	6.457568e+00	5.493475e+00	4.121861e+00	4.333327e+00	2.444284e+00	1.753290e-01	-3.374888e+00	7.217493e+00	7.160312e+00	6.077991e+00	4.427457e+00	1.894511e+00	6.302854e+00	5.177743e+00	3.560775e+00	6.077991e+00
13100	6.436344e+00	5.470819e+00	4.076523e+00	4.308343e+00	2.319987e+00	-4.672450e-02	-3.742602e+00	7.124244e+00	7.113339e+00	6.000716e+00	4.288972e+00	1.657389e+00	6.259144e+00	5.102100e+00	3.427869e+00	6.000716e+00
13200	6.415247e+00	5.448143e+00	4.030759e+00	4.283048e+00	2.191353e+00	-2.760759e-01	-4.121665e+00	7.028532e+00	7.065420e+00	5.921190e+00	4.146219e+00	1.413252e+00	6.214530e+00	5.024378e+00	3.291111e+00	5.921190e+00
13300	6.394267e+00	5.425437e+00	3.984558e+00	4.257424e+00	2.058290e+00	-5.128565e-01	-4.512104e+00	6.930301e+00	7.016520e+00	5.839355e+00	3.999112e+00	1.161875e+00	6.168981e+00	4.944530e+00	3.150424e+00	5.839355e+00
13400	6.373397e+00	5.402690e+00	3.937906e+00	4.231454e+00	1.920706e+00	-7.571883e-01	-4.914158e+00	6.829496e+00	6.966607e+00	5.755153e+00	3.847562e+00	9.030266e-01	6.122466e+00	4.862504e+00	3.005585e+00	5.755153e+00
13500	6.352629e+00	5.379889e+00	3.890791e+00	4.205119e+00	1.778510e+00	-1.009211e+00	-5.328106e+00	6.726059e+00	6.915648e+00	5.668526e+00	3.691474e+00	6.368847e-01	6.074954e+00	4.778238e+00	2.856486e+00	5.668526e+00
13600	6.331954e+00	5.357024e+00	3.843200e+00	4.178402e+00	1.631609e+00	-1.269057e+00	-5.753968e+00	6.619935e+00	6.863609e+00	5.579415e+00	3.530790e+00	3.632840e-01	6.026413e+00	4.691682e+00	2.703510e+00	5.579415e+00
13700	6.311364e+00	5.334084e+00	3.795121e+00	4.151285e+00	1.479912e+00	-1.536848e+00	-6.191985e+00	6.511068e+00	6.810456e+00	5.487765e+00	3.365407e+00	8.150851e-02	5.976812e+00	4.602812e+00	2.546645e+00	5.487765e+00
13800	6.290850e+00	5.311056e+00	3.746540e+00	4.123751e+00	1.323327e+00	-1.812723e+00	-6.642348e+00	6.399402e+00	6.756158e+00	5.393515e+00	3.195210e+00	-2.080635e-01	5.926121e+00	4.511580e+00	2.385036e+00	5.393515e+00
13900	6.270405e+00	5.287930e+00	3.697446e+00	4.095781e+00	1.161762e+00	-2.096804e+00	-7.105216e+00	6.284880e+00	6.700680e+00	5.296608e+00	3.020147e+00	-5.053745e-01	5.874309e+00	4.417895e+00	2.218676e+00	5.296608e+00
14000	6.250019e+00	5.264694e+00	3.647825e+00	4.067357e+00	9.951261e-01	-2.389231e+00	-7.580919e+00	6.167446e+00	6.643990e+00	5.196986e+00	2.840121e+00	-8.107898e-01	5.821343e+00	4.321719e+00	2.048314e+00	5.196986e+00
14100	6.229686e+00	5.241338e+00	3.597665e+00	4.038463e+00	8.233263e-01	-2.690140e+00	-8.069473e+00	6.047044e+00	6.586054e+00	5.094591e+00	2.655056e+00	-1.124533e+00	5.767193e+00	4.223031e+00	1.873617e+00	5.094591e+00
14200	6.209396e+00	5.217849e+00	3.546953e+00	4.009079e+00	6.462713e-01	-2.999652e+00	-8.571029e+00	5.923618e+00	6.526839e+00	4.989366e+00	2.464843e+00	-1.446774e+00	5.711828e+00	4.121769e+00	1.693989e+00	4.989366e+00
14300	6.189140e+00	5.194217e+00	3.495676e+00	3.979189e+00	4.638691e-01	-3.317901e+00	-9.085862e+00	5.797113e+00	6.466312e+00	4.881251e+00	2.269404e+00	-1.777381e+00	5.655217e+00	4.017867e+00	1.509657e+00	4.881251e+00
14400	6.168912e+00	5.170430e+00	3.443823e+00	3.948774e+00	2.760281e-01	-3.645018e+00	1.230233e+00	5.667470e+00	6.404439e+00	4.770190e+00	2.068654e+00	-2.116593e+00	5.597328e+00	3.911290e+00	1.320742e+00	4.770190e+00
14500	6.148702e+00	5.146476e+00	3.391380e+00	3.917817e+00	8.265628e-02	-2.776206e+00	2.244501e+01	5.534636e+00	6.341188e+00	4.656123e+00	1.862505e+00	-2.464411e+00	5.538131e+00	3.801988e+00	1.126827e+00	4.656123e+00
14600	6.128503e+00	5.122345e+00	3.338334e+00	3.886300e+00	0.000000e+00	-8.619869e-01	2.447089e+01	5.398553e+00	6.276526e+00	4.538994e+00	1.650883e+00	-2.821313e+00	5.477594e+00	3.689897e+00	9.281622e-01	4.538994e+00
14700	6.108305e+00	5.098026e+00	3.284673e+00	3.854204e+00	0.000000e+00	0.000000e+00	7.919505e+00	5.259165e+00	6.210418e+00	4.418744e+00	1.433664e+00	-3.187241e+00	5.415686e+00	3.574996e+00	7.245485e-01	4.418744e+00
14800	6.088101e+00	5.073506e+00	3.230385e+00	3.821513e+00	0.000000e+00	0.000000e+00	0.000000e+00	5.116416e+00	6.142832e+00	4.295314e+00	1.210797e+00	-3.561864e+00	5.352377e+00	3.457207e+00	5.156803e-01	4.295314e+00
14900	6.067882e+00	5.048775e+00	3.175456e+00	3.788209e+00	0.000000e+00	0.000000e+00	0.000000e+00	4.970250e+00	6.073735e+00	4.168648e+00	9.821961e-01	-3.945949e+00	5.287634e+00	3.336494e+00	3.018680e-01	4.168648e+00
15000	6.047640e+00	5.023821e+00	3.119875e+00	3.754272e+00	0.000000e+00	0.000000e+00	0.000000e+00	4.820612e+00	6.003093e+00	4.038687e+00	7.477495e-01	-4.339407e+00	5.221428e+00	3.212808e+00	8.248300e-02	4.038687e+00
15100	6.027367e+00	4.998633e+00	3.063627e+00	3.719687e+00	0.000000e+00	0.000000e+00	0.000000e+00	4.667444e+00	5.930874e+00	3.905373e+00	5.073948e-01	-4.742320e+00	5.153726e+00	3.086068e+00	-1.418566e-01	3.905373e+00
15200	6.007054e+00	4.973200e+00	3.006701e+00	3.684435e+00	0.000000e+00	0.000000e+00	0.000000e+00	4.510690e+00	5.857043e+00	3.768649e+00	2.610210e-01	-5.155131e+00	5.084497e+00	2.956284e+00	-3.712985e-01	3.768649e+00
15300	5.986693e+00	4.947511e+00	2.949085e+00	3.648498e+00	0.000000e+00	0.000000e+00	0.000000e+00	4.350295e+00	5.781569e+00	3.628455e+00	8.538750e-03	-5.577280e+00	5.013712e+00	2.823364e+00	-6.067660e-01	3.628455e+00
15400	5.966276e+00	4.921553e+00	2.890765e+00	3.611859e+00	0.000000e+00	0.000000e+00	0.000000e+00	4.186202e+00	5.704417e+00	3.484734e+00	-2.500997e-01	-6.009087e+00	4.941337e+00	2.687254e+00	-8.473728e-01	3.484734e+00
15500	5.945795e+00	4.895316e+00	2.831728e+00	3.574499e+00	0.000000e+00	0.000000e+00	0.000000e+00	4.018356e+00	5.625555e+00	3.337429e+00	-5.150056e-01	-6.451432e+00	4.867343e+00	2.547939e+00	-1.093523e+00	3.337429e+00
15600	5.925240e+00	4.868788e+00	2.771963e+00	3.536401e+00	0.000000e+00	0.000000e+00	0.000000e+00	3.846699e+00	5.544948e+00	3.186481e+00	-7.862930e-01	-6.903784e+00	4.791698e+00	2.405335e+00	-1.345547e+00	3.186481e+00
15700	5.904605e+00	4.841959e+00	2.711456e+00	3.497546e+00	0.000000e+00	0.000000e+00	0.000000e+00	3.671176e+00	5.462565e+00	3.031831e+00	-1.064011e+00	-7.365900e+00	4.714371e+00	2.259409e+00	-1.603299e+00	3.031831e+00
15800	5.883880e+00	4.814816e+00	2.650194e+00	3.457919e+00	0.000000e+00	0.000000e+00	0.000000e+00	3.491731e+00	5.378372e+00	2.873423e+00	-1.348245e+00	-7.838477e+00	4.635331e+00	2.110096e+00	-1.866877e+00	2.873423e+00
15900	5.863057e+00	4.787349e+00	2.588166e+00	3.417499e+00	0.000000e+00	0.000000e+00	0.000000e+00	3.308308e+00	5.292336e+00	2.711198e+00	-1.639095e+00	-8.321821e+00	4.554546e+00	1.957361e+00	-2.135909e+00	2.711198e+00
16000	5.842129e+00	4.759546e+00	2.525359e+00	3.376270e+00	0.000000e+00	0.000000e+00	0.000000e+00	3.120850e+00	5.204423e+00	2.545099e+00	-1.936661e+00	-8.815942e+00	4.471986e+00	1.801170e+00	-2.411063e+00	2.545099e+00
16100	5.821086e+00	4.731396e+00	2.461759e+00	3.334214e+00	0.000000e+00	0.000000e+00	0.000000e+00	2.929302e+00	5.114600e+00	2.375066e+00	-2.241032e+00	-9.320352e+00	4.387620e+00	1.641443e+00	-2.692696e+00	2.375066e+00
16200	5.799920e+00	4.702888e+00	2.397355e+00	3.291313e+00	0.000000e+00	0.000000e+00	0.000000e+00	2.733606e+00	5.022835e+00	2.201042e+00	-2.552254e+00	-9.835396e+00	4.301416e+00	1.478129e+00	-2.980024e+00	2.201042e+00
16300	5.778624e+00	4.674010e+00	2.332133e+00	3.247550e+00	0.000000e+00	0.000000e+00	0.000000e+00	2.533708e+00	4.929093e+00	2.022970e+00	-2.870439e+00	-1.036187e+01	4.213343e+00	1.311209e+00	-3.273491e+00	2.022970e+00
16400	5.757188e+00	4.644750e+00	2.266081e+00	3.202905e+00	0.000000e+00	0.000000e+00	0.000000e+00	2.329551e+00	4.833342e+00	1.840791e+00	-3.195690e+00	-1.089947e+01	4.123371e+00	1.140605e+00	-3.573452e+00	1.840791e+00
16500	5.735605e+00	4.615099e+00	2.199186e+00	3.157363e+00	0.000000e+00	0.000000e+00	0.000000e+00	2.121078e+00	4.735548e+00	1.654447e+00	-3.528079e+00	-1.144813e+01	4.031467e+00	9.662785e-01	-3.879510e+00	1.654447e+00
16600	5.713866e+00	4.585044e+00	2.131435e+00	3.110904e+00	0.000000e+00	0.000000e+00	0.000000e+00	1.908234e+00	4.635679e+00	1.463880e+00	-3.867694e+00	-1.200813e+01	3.937602e+00	7.881836e-01	-4.192189e+00	1.463880e+00
16700	5.691962e+00	4.554574e+00	2.062817e+00	3.063511e+00	0.000000e+00	0.000000e+00	0.000000e+00	1.690962e+00	4.533701e+00	1.269032e+00	-4.214622e+00	-1.257947e+01	3.841743e+00	6.062516e-01	-4.511369e+00	1.269032e+00
16800	5.669887e+00	4.523677e+00	1.993318e+00	3.015166e+00	0.000000e+00	0.000000e+00	0.000000e+00	1.469207e+00	4.429581e+00	1.069845e+00	-4.568939e+00	-1.316239e+01	3.743860e+00	4.204504e-01	-4.836860e+00	1.069845e+00
16900	5.647630e+00	4.492343e+00	1.922925e+00	2.965852e+00	0.000000e+00	0.000000e+00	0.000000e+00	1.242912e+00	4.323285e+00	8.662617e-01	-4.930742e+00	-1.375723e+01	3.643921e+00	2.307294e-01	-5.168967e+00	8.662617e-01
17000	5.625185e+00	4.460560e+00	1.851627e+00	2.915550e+00	0.000000e+00	0.000000e+00	0.000000e+00	1.012021e+00	4.214781e+00	6.582234e-01	-5.300128e+00	-1.436388e+01	3.541896e+00	3.704000e-02	-5.508004e+00	6.582234e-01
17100	5.602542e+00	4.428317e+00	1.779410e+00	2.864243e+00	0.000000e+00	0.000000e+00	0.000000e+00	7.764782e-01	4.104036e+00	4.456722e-01	-5.677169e+00	-1.498239e+01	3.437753e+00	-1.606855e-01	-5.853598e+00	4.456722e-01
17200	5.579693e+00	4.395602e+00	1.706261e+00	2.811914e+00	0.000000e+00	0.000000e+00	0.000000e+00	5.362270e-01	3.991015e+00	2.285503e-01	-6.061959e+00	2.328905e+01	3.331461e+00	-3.624626e-01	-6.206001e+00	2.285503e-01
17300	5.556631e+00	4.362405e+00	1.632169e+00	2.758543e+00	0.000000e+00	0.000000e+00	0.000000e+00	2.912114e-01	3.875686e+00	6.799457e-03	-3.288134e+00	7.040204e+01	3.222990e+00	-5.683742e-01	-6.565846e+00	6.799457e-03
17400	5.533346e+00	4.328713e+00	1.557120e+00	2.704114e+00	0.000000e+00	0.000000e+00	0.000000e+00	4.137531e-02	3.758016e+00	0.000000e+00	-9.859213e-02	4.076822e+01	3.112307e+00	-7.784722e-01	-6.932219e+00	0.000000e+00
17500	5.509831e+00	4.294516e+00	1.481102e+00	2.648608e+00	0.000000e+00	0.000000e+00	0.000000e+00	0.000000e+00	3.637972e+00	0.000000e+00	0.000000e+00	1.232402e+00	2.999382e+00	-9.927705e-01	-7.305624e+00	0.000000e+00
17600	5.486077e+00	4.259802e+00	1.404101e+00	2.592008e+00	0.000000e+00	0.000000e+00	0.000000e+00	0.000000e+00	3.515520e+00	0.000000e+00	0.000000e+00	0.000000e+00	2.884184e+00	-1.211354e+00	-7.686455e+00	0.000000e+00
17700	5.462076e+00	4.224560e+00	1.326106e+00	2.534297e+00	0.000000e+00	0.000000e+00	0.000000e+00	0.000000e+00	3.390627e+00	0.000000e+00	0.000000e+00	0.000000e+00	2.766681e+00	-1.434255e+00	-8.074245e+00	0.000000e+00
17800	5.437819e+00	4.188779e+00	1.247104e+00	2.475455e+00	0.000000e+00	0.000000e+00	0.000000e+00	0.000000e+00	3.263260e+00	0.000000e+00	0.000000e+00	0.000000e+00	2.646843e+00	-1.661522e+00	-8.469585e+00	0.000000e+00
17900	5.413298e+00	4.152447e+00	1.167082e+00	2.415466e+00	0.000000e+00	0.000000e+00	0.000000e+00	0.000000e+00	3.133385e+00	0.000000e+00	0.000000e+00	0.000000e+00	2.524638e+00	-1.893225e+00	-8.872325e+00	0.000000e+00
18000	5.388506e+00	4.115553e+00	1.086028e+00	2.354311e+00	0.000000e+00	0.000000e+00	0.000000e+00	0.000000e+00	3.000970e+00	0.000000e+00	0.000000e+00	0.000000e+00	2.400035e+00	-2.129395e+00	-9.282238e+00	0.000000e+00
18100	5.363433e+00	4.078086e+00	1.003928e+00	2.291973e+00	0.000000e+00	0.000000e+00	0.000000e+00	0.000000e+00	2.865982e+00	0.000000e+00	0.000000e+00	0.000000e+00	2.273003e+00	-2.370081e+00	-9.699387e+00	0.000000e+00
18200	5.338071e+00	4.040034e+00	9.207707e-01	2.228434e+00	0.000000e+00	0.000000e+00	0.000000e+00	0.000000e+00	2.728386e+00	0.000000e+00	0.000000e+00	0.000000e+00	2.143511e+00	-2.615316e+00	-1.012464e+01	0.000000e+00
18300	5.312413e+00	4.001386e+00	8.365427e-01	2.163677e+00	0.000000e+00	0.000000e+00	0.000000e+00	0.000000e+00	2.588151e+00	0.000000e+00	0.000000e+00	0.000000e+00	2.011529e+00	-2.865201e+00	-1.055789e+01	0.000000e+00
18400	5.286449e+00	3.962131e+00	7.512316e-01	2.097683e+00	0.000000e+00	0.000000e+00	0.000000e+00	0.000000e+00	2.445242e+00	0.000000e+00	0.000000e+00	0.000000e+00	1.877023e+00	-3.119755e+00	-1.099834e+01	0.000000e+00
18500	5.260172e+00	3.922258e+00	6.648247e-01	2.030434e+00	0.000000e+00	0.000000e+00	0.000000e+00	0.000000e+00	2.299627e+00	0.000000e+00	0.000000e+00	0.000000e+00	1.739965e+00	-3.379022e+00	-1.144688e+01	0.000000e+00
18600	5.233573e+00	3.881755e+00	5.773093e-01	1.961913e+00	0.000000e+00	0.000000e+00	0.000000e+00	0.000000e+00	2.151272e+00	0.000000e+00	0.000000e+00	0.000000e+00	1.600321e+00	-3.643075e+00	-1.190276e+01	0.000000e+00
18700	5.206643e+00	3.840610e+00	4.886729e-01	1.892102e+00	0.000000e+00	0.000000e+00	0.000000e+00	0.000000e+00	2.000144e+00	0.000000e+00	0.000000e+00	0.000000e+00	1.458062e+00	-3.911905e+00	-1.236682e+01	0.000000e+00
18800	5.179376e+00	3.798813e+00	3.989027e-01	1.820984e+00	0.000000e+00	0.000000e+00	0.000000e+00	0.000000e+00	1.846211e+00	0.000000e+00	0.000000e+00	0.000000e+00	1.313157e+00	-4.185636e+00	-1.283957e+01	0.000000e+00
18900	5.151761e+00	3.756352e+00	3.079862e-01	1.748539e+00	0.000000e+00	0.000000e+00	0.000000e+00	0.000000e+00	1.689437e+00	0.000000e+00	0.000000e+00	0.000000e+00	1.165573e+00	-4.464283e+00	-1.331990e+01	0.000000e+00
19000	5.123791e+00	3.713217e+00	2.159106e-01	1.674752e+00	0.000000e+00	0.000000e+00	0.000000e+00	0.000000e+00	1.529792e+00	0.000000e+00	0.000000e+00	0.000000e+00	1.015281e+00	-4.747898e+00	-1.380867e+01	0.000000e+00
19100	5.095458e+00	3.669394e+00	1.226633e-01	1.599603e+00	0.000000e+00	0.000000e+00	0.000000e+00	0.000000e+00	1.367241e+00	0.000000e+00	0.000000e+00	0.000000e+00	8.622478e-01	-5.036543e+00	-1.430545e+01	0.000000e+00
19200	5.066754e+00	3.624874e+00	2.823166e-02	1.523075e+00	0.000000e+00	0.000000e+00	0.000000e+00	0.000000e+00	1.201751e+00	0.000000e+00	0.000000e+00	0.000000e+00	7.064438e-01	-5.330238e+00	-1.481049e+01	0.000000e+00
19300	5.037669e+00	3.579645e+00	0.000000e+00	1.445150e+00	0.000000e+00	0.000000e+00	0.000000e+00	0.000000e+00	1.033289e+00	0.000000e+00	0.000000e+00	0.000000e+00	5.478373e-01	-5.629058e+00	-1.532422e+01	0.000000e+00
19400	5.008196e+00	3.533696e+00	0.000000e+00	1.365811e+00	0.000000e+00	0.000000e+00	0.000000e+00	0.000000e+00	8.618214e-01	0.000000e+00	0.000000e+00	0.000000e+00	3.863974e-01	-5.933046e+00	-1.584640e+01	0.000000e+00
19500	4.978326e+00	3.487015e+00	0.000000e+00	1.285039e+00	0.000000e+00	0.000000e+00	0.000000e+00	0.000000e+00	6.873156e-01	0.000000e+00	0.000000e+00	0.000000e+00	2.220928e-01	-6.242255e+00	2.032518e+01	0.000000e+00
19600	4.948052e+00	3.439591e+00	0.000000e+00	1.202817e+00	0.000000e+00	0.000000e+00	0.000000e+00	0.000000e+00	5.097382e-01	0.000000e+00	0.000000e+00	0.000000e+00	5.489237e-02	-4.298127e+00	7.999617e+01	0.000000e+00
19700	4.917365e+00	3.391413e+00	0.000000e+00	1.119127e+00	0.000000e+00	0.000000e+00	0.000000e+00	0.000000e+00	3.290559e-01	0.000000e+00	0.000000e+00	0.000000e+00	0.000000e+00	-1.081380e+00	6.947953e+01	0.000000e+00
19800	4.886255e+00	3.342470e+00	0.000000e+00	1.033951e+00	0.000000e+00	0.000000e+00	0.000000e+00	0.000000e+00	1.452356e-01	0.000000e+00	0.000000e+00	0.000000e+00	0.000000e+00	0.000000e+00	1.784276e+01	0.000000e+00
19900	4.854717e+00	3.292749e+00	0.000000e+00	9.472721e-01	0.000000e+00	0.000000e+00	0.000000e+00	0.000000e+00	0.000000e+00	0.000000e+00	0.000000e+00	0.000000e+00	0.000000e+00	0.000000e+00	0.000000e+00	0.000000e+00
20000	4.822740e+00	3.242241e+00	0.000000e+00	8.590712e-01	0.000000e+00	0.000000e+00	0.000000e+00	0.000000e+00	0.000000e+00	0.000000e+00	0.000000e+00	0.000000e+00	0.000000e+00	0.000000e+00	0.000000e+00	0.000000e+00
20100	4.790316e+00	3.190932e+00	0.000000e+00	7.693312e-01	0.000000e+00	0.000000e+00	0.000000e+00	0.000000e+00	0.000000e+00	0.000000e+00	0.000000e+00	0.000000e+00	0.000000e+00	0.000000e+00	0.000000e+00	0.000000e+00
20200	4.757438e+00	3.138813e+00	0.000000e+00	6.780341e-01	0.000000e+00	0.000000e+00	0.000000e+00	0.000000e+00	0.000000e+00	0.000000e+00	0.000000e+00	0.000000e+00	0.000000e+00	0.000000e+00	0.000000e+00	0.000000e+00
20300	4.724097e+00	3.085872e+00	0.000000e+00	5.851622e-01	0.000000e+00	0.000000e+00	0.000000e+00	0.000000e+00	0.000000e+00	0.000000e+00	0.000000e+00	0.000000e+00	0.000000e+00	0.000000e+00	0.000000e+00	0.000000e+00
20400	4.690285e+00	3.032098e+00	0.000000e+00	4.906977e-01	0.000000e+00	0.000000e+00	0.000000e+00	0.000000e+00	0.000000e+00	0.000000e+00	0.000000e+00	0.000000e+00	0.000000e+00	0.000000e+00	0.000000e+00	0.000000e+00
20500	4.655993e+00	2.977479e+00	0.000000e+00	3.946227e-01	0.000000e+00	0.000000e+00	0.000000e+00	0.000000e+00	0.000000e+00	0.000000e+00	0.000000e+00	0.000000e+00	0.000000e+00	0.000000e+00	0.000000e+00	0.000000e+00
20600	4.621213e+00	2.922004e+00	0.000000e+00	2.969195e-01	0.000000e+00	0.000000e+00	0.000000e+00	0.000000e+00	0.000000e+00	0.000000e+00	0.000000e+00	0.000000e+00	0.000000e+00	0.000000e+00	0.000000e+00	0.000000e+00
20700	4.585937e+00	2.865661e+00	0.000000e+00	1.975703e-01	0.000000e+00	0.000000e+00	0.000000e+00	0.000000e+00	0.000000e+00	0.000000e+00	0.000000e+00	0.000000e+00	0.000000e+00	0.000000e+00	0.000000e+00	0.000000e+00
20800	4.550157e+00	2.808440e+00	0.000000e+00	9.655729e-02	0.000000e+00	0.000000e+00	0.000000e+00	0.000000e+00	0.000000e+00	0.000000e+00	0.000000e+00	0.000000e+00	0.000000e+00	0.000000e+00	0.000000e+00	0.000000e+00
20900	4.513864e+00	2.750329e+00	0.000000e+00	0.000000e+00	0.000000e+00	0.000000e+00	0.000000e+00	0.000000e+00	0.000000e+00	0.000000e+00	0.000000e+00	0.000000e+00	0.000000e+00	0.000000e+00	0.000000e+00	0.000000e+00
21000	4.477049e+00	2.691316e+00	0.000000e+00	0.000000e+00	0.000000e+00	0.000000e+00	0.000000e+00	0.000000e+00	0.000000e+00	0.000000e+00	0.000000e+00	0.000000e+00	0.000000e+00	0.000000e+00	0.000000e+00	0.000000e+00
21100	4.439706e+00	2.631391e+00	0.000000e+00	0.000000e+00	0.000000e+00	0.000000e+00	0.000000e+00	0.000000e+00	0.000000e+00	0.000000e+00	0.000000e+00	0.000000e+00	0.000000e+00	0.000000e+00	0.000000e+00	0.000000e+00
21200	4.401824e+00	2.570542e+00	0.000000e+00	0.000000e+00	0.000000e+00	0.000000e+00	0.000000e+00	0.000000e+00	0.000000e+00	0.000000e+00	0.000000e+00	0.000000e+00	0.000000e+00	0.000000e+00	0.000000e+00	0.000000e+00
21300	4.363397e+00	2.508758e+00	0.000000e+00	0.000000e+00	0.000000e+00	0.000000e+00	0.000000e+00	0.000000e+00	0.000000e+00	0.000000e+00	0.000000e+00	0.000000e+00	0.000000e+00	0.000000e+00	0.000000e+00	0.000000e+00
21400	4.324415e+00	2.446028e+00	0.000000e+00	0.000000e+00	0.000000e+00	0.000000e+00	0.000000e+00	0.000000e+00	0.000000e+00	0.000000e+00	0.000000e+00	0.000000e+00	0.000000e+00	0.000000e+00	0.000000e+00	0.000000e+00
21500	4.284871e+00	2.382339e+00	0.000000e+00	0.000000e+00	0.000000e+00	0.000000e+00	0.000000e+00	0.000000e+00	0.000000e+00	0.000000e+00	0.000000e+00	0.000000e+00	0.000000e+00	0.000000e+00	0.000000e+00	0.000000e+00
21600	4.244755e+00	2.317682e+00	0.000000e+00	0.000000e+00	0.000000e+00	0.000000e+00	0.000000e+00	0.000000e+00	0.000000e+00	0.000000e+00	0.000000e+00	0.000000e+00	0.000000e+00	0.000000e+00	0.000000e+00	0.000000e+00
21700	4.204061e+00	2.252044e+00	0.000000e+00	0.000000e+00	0.000000e+00	0.000000e+00	0.000000e+00	0.000000e+00	0.000000e+00	0.000000e+00	0.000000e+00	0.000000e+00	0.000000e+00	0.000000e+00	0.000000e+00	0.000000e+00
21800	4.162779e+00	2.185414e+00	0.000000e+00	0.000000e+00	0.000000e+00	0.000000e+00	0.000000e+00	0.000000e+00	0.000000e+00	0.000000e+00	0.000000e+00	0.000000e+00	0.000000e+00	0.000000e+00	0.000000e+00	0.000000e+00
21900	4.120901e+00	2.117781e+00	0.000000e+00	0.000000e+00	0.000000e+00	0.000000e+00	0.000000e+00	0.000000e+00	0.000000e+00	0.000000e+00	0.000000e+00	0.000000e+00	0.000000e+00	0.000000e+00	0.000000e+00	0.000000e+00
22000	4.078419e+00	2.049134e+00	0.000000e+00	0.000000e+00	0.000000e+00	0.000000e+00	0.000000e+00	0.000000e+00	0.000000e+00	0.000000e+00	0.000000e+00	0.000000e+00	0.000000e+00	0.000000e+00	0.000000e+00	0.000000e+00
22100	4.035325e+00	1.979461e+00	0.000000e+00	0.000000e+00	0.000000e+00	0.000000e+00	0.000000e+00	0.000000e+00	0.000000e+00	0.000000e+00	0.000000e+00	0.000000e+00	0.000000e+00	0.000000e+00	0.000000e+00	0.000000e+00
22200	3.991610e+00	1.908751e+00	0.000000e+00	0.000000e+00	0.000000e+00	0.000000e+00	0.000000e+00	0.000000e+00	0.000000e+00	0.000000e+00	0.000000e+00	0.000000e+00	0.000000e+00	0.000000e+00	0.000000e+00	0.000000e+00
22300	3.947266e+00	1.836993e+00	0.000000e+00	0.000000e+00	0.000000e+00	0.000000e+00	0.000000e+00	0.000000e+00	0.000000e+00	0.000000e+00	0.000000e+00	0.000000e+00	0.000000e+00	0.000000e+00	0.000000e+00	0.000000e+00
22400	3.902284e+00	1.764176e+00	0.000000e+00	0.000000e+00	0.000000e+00	0.000000e+00	0.000000e+00	0.000000e+00	0.000000e+00	0.000000e+00	0.000000e+00	0.000000e+00	0.000000e+00	0.000000e+00	0.000000e+00	0.000000e+00
22500	3.856657e+00	1.690287e+00	0.000000e+00	0.000000e+00	0.000000e+00	0.000000e+00	0.000000e+00	0.000000e+00	0.000000e+00	0.000000e+00	0.000000e+00	0.000000e+00	0.000000e+00	0.000000e+00	0.000000e+00	0.000000e+00
22600	3.810376e+00	1.615316e+00	0.000000e+00	0.000000e+00	0.000000e+00	0.000000e+00	0.000000e+00	0.000000e+00	0.000000e+00	0.000000e+00	0.000000e+00	0.000000e+00	0.000000e+00	0.000000e+00	0.000000e+00	0.000000e+00
22700	3.763433e+00	1.539252e+00	0.000000e+00	0.000000e+00	0.000000e+00	0.000000e+00	0.000000e+00	0.000000e+00	0.000000e+00	0.000000e+00	0.000000e+00	0.000000e+00	0.000000e+00	0.000000e+00	0.000000e+00	0.000000e+00
22800	3.715820e+00	1.462083e+00	0.000000e+00	0.000000e+00	0.000000e+00	0.000000e+00	0.000000e+00	0.000000e+00	0.000000e+00	0.000000e+00	0.000000e+00	0.000000e+00	0.000000e+00	0.000000e+00	0.000000e+00	0.000000e+00
22900	3.667527e+00	1.383797e+00	0.000000e+00	0.000000e+00	0.000000e+00	0.000000e+00	0.000000e+00	0.000000e+00	0.000000e+00	0.000000e+00	0.000000e+00	0.000000e+00	0.000000e+00	0.000000e+00	0.000000e+00	0.000000e+00
23000	3.618548e+00	1.304384e+00	0.000000e+00	0.000000e+00	0.000000e+00	0.000000e+00	0.000000e+00	0.000000e+00	0.000000e+00	0.000000e+00	0.000000e+00	0.000000e+00	0.000000e+00	0.000000e+00	0.000000e+00	0.000000e+00
23100	3.568873e+00	1.223833e+00	0.000000e+00	0.000000e+00	0.000000e+00	0.000000e+00	0.000000e+00	0.000000e+00	0.000000e+00	0.000000e+00	0.000000e+00	0.000000e+00	0.000000e+00	0.000000e+00	0.000000e+00	0.000000e+00
23200	3.518494e+00	1.142131e+00	0.000000e+00	0.000000e+00	0.000000e+00	0.000000e+00	0.000000e+00	0.000000e+00	0.000000e+00	0.000000e+00	0.000000e+00	0.000000e+00	0.000000e+00	0.000000e+00	0.000000e+00	0.000000e+00
23300	3.467403e+00	1.059268e+00	0.000000e+00	0.000000e+00	0.000000e+00	0.000000e+00	0.000000e+00	0.000000e+00	0.000000e+00	0.000000e+00	0.000000e+00	0.000000e+00	0.000000e+00	0.000000e+00	0.000000e+00	0.000000e+00
23400	3.415592e+00	9.752326e-01	0.000000e+00	0.000000e+00	0.000000e+00	0.000000e+00	0.000000e+00	0.000000e+00	0.000000e+00	0.000000e+00	0.000000e+00	0.000000e+00	0.000000e+00	0.000000e+00	0.000000e+00	0.000000e+00
23500	3.363052e+00	8.900129e-01	0.000000e+00	0.000000e+00	0.000000e+00	0.000000e+00	0.000000e+00	0.000000e+00	0.000000e+00	0.000000e+00	0.000000e+00	0.000000e+00	0.000000e+00	0.000000e+00	0.000000e+00	0.000000e+00
23600	3.309776e+00	8.035979e-01	0.000000e+00	0.000000e+00	0.000000e+00	0.000000e+00	0.000000e+00	0.000000e+00	0.000000e+00	0.000000e+00	0.000000e+00	0.000000e+00	0.000000e+00	0.000000e+00	0.000000e+00	0.000000e+00
23700	3.255754e+00	7.159763e-01	0.000000e+00	0.000000e+00	0.000000e+00	0.000000e+00	0.000000e+00	0.000000e+00	0.000000e+00	0.000000e+00	0.000000e+00	0.000000e+00	0.000000e+00	0.000000e+00	0.000000e+00	0.000000e+00
23800	3.200978e+00	6.271367e-01	0.000000e+00	0.000000e+00	0.000000e+00	0.000000e+00	0.000000e+00	0.000000e+00	0.000000e+00	0.000000e+00	0.000000e+00	0.000000e+00	0.000000e+00	0.000000e+00	0.000000e+00	0.000000e+00
23900	3.145441e+00	5.370679e-01	0.000000e+00	0.000000e+00	0.000000e+00	0.000000e+00	0.000000e+00	0.000000e+00	0.000000e+00	0.000000e+00	0.000000e+00	0.000000e+00	0.000000e+00	0.000000e+00	0.000000e+00	0.000000e+00
24000	3.089133e+00	4.457586e-01	0.000000e+00	0.000000e+00	0.000000e+00	0.000000e+00	0.000000e+00	0.000000e+00	0.000000e+00	0.000000e+00	0.000000e+00	0.000000e+00	0.000000e+00	0.000000e+00	0.000000e+00	0.000000e+00
24100	3.032048e+00	3.531974e-01	0.000000e+00	0.000000e+00	0.000000e+00	0.000000e+00	0.000000e+00	0.000000e+00	0.000000e+00	0.000000e+00	0.000000e+00	0.000000e+00	0.000000e+00	0.000000e+00	0.000000e+00	0.000000e+00
24200	2.974175e+00	2.593730e-01	0.000000e+00	0.000000e+00	0.000000e+00	0.000000e+00	0.000000e+00	0.000000e+00	0.000000e+00	0.000000e+00	0.000000e+00	0.000000e+00	0.000000e+00	0.000000e+00	0.000000e+00	0.000000e+00
24300	2.915507e+00	1.642742e-01	0.000000e+00	0.000000e+00	0.000000e+00	0.000000e+00	0.000000e+00	0.000000e+00	0.000000e+00	0.000000e+00	0.000000e+00	0.000000e+00	0.000000e+00	0.000000e+00	0.000000e+00	0.000000e+00
24400	2.856036e+00	6.788953e-02	0.000000e+00	0.000000e+00	0.000000e+00	0.000000e+00	0.000000e+00	0.000000e+00	0.000000e+00	0.000000e+00	0.000000e+00	0.000000e+00	0.000000e+00	0.000000e+00	0.000000e+00	0.000000e+00
24500	2.795754e+00	0.000000e+00	0.000000e+00	0.000000e+00	0.000000e+00	0.000000e+00	0.000000e+00	0.000000e+00	0.000000e+00	0.000000e+00	0.000000e+00	0.000000e+00	0.000000e+00	0.000000e+00	0.000000e+00	0.000000e+00
24600	2.734651e+00	0.000000e+00	0.000000e+00	0.000000e+00	0.000000e+00	0.000000e+00	0.000000e+00	0.000000e+00	0.000000e+00	0.000000e+00	0.000000e+00	0.000000e+00	0.000000e+00	0.000000e+00	0.000000e+00	0.000000e+00
24700	2.672720e+00	0.000000e+00	0.000000e+00	0.000000e+00	0.000000e+00	0.000000e+00	0.000000e+00	0.000000e+00	0.000000e+00	0.000000e+00	0.000000e+00	0.000000e+00	0.000000e+00	0.000000e+00	0.000000e+00	0.000000e+00
24800	2.609953e+00	0.000000e+00	0.000000e+00	0.000000e+00	0.000000e+00	0.000000e+00	0.000000e+00	0.000000e+00	0.000000e+00	0.000000e+00	0.000000e+00	0.000000e+00	0.000000e+00	0.000000e+00	0.000000e+00	0.000000e+00
24900	2.546341e+00	0.000000e+00	0.000000e+00	0.000000e+00	0.000000e+00	0.000000e+00	0.000000e+00	0.000000e+00	0.000000e+00	0.000000e+00	0.000000e+00	0.000000e+00	0.000000e+00	0.000000e+00	0.000000e+00	0.000000e+00
25000	2.481875e+00	0.000000e+00	0.000000e+00	0.000000e+00	0.000000e+00	0.000000e+00	0.000000e+00	0.000000e+00	0.000000e+00	0.000000e+00	0.000000e+00	0.000000e+00	0.000000e+00	0.000000e+00	0.000000e+00	0.000000e+00
25100	2.416548e+00	0.000000e+00	0.000000e+00	0.000000e+00	0.000000e+00	0.000000e+00	0.000000e+00	0.000000e+00	0.000000e+00	0.000000e+00	0.000000e+00	0.000000e+00	0.000000e+00	0.000000e+00	0.000000e+00	0.000000e+00
25200	2.350352e+00	0.000000e+00	0.000000e+00	0.000000e+00	0.000000e+00	0.000000e+00	0.000000e+00	0.000000e+00	0.000000e+00	0.000000e+00	0.000000e+00	0.000000e+00	0.000000e+00	0.000000e+00	0.000000e+00	0.000000e+00
25300	2.283277e+00	0.000000e+00	0.000000e+00	0.000000e+00	0.000000e+00	0.000000e+00	0.000000e+00	0.000000e+00	0.000000e+00	0.000000e+00	0.000000e+00	0.000000e+00	0.000000e+00	0.000000e+00	0.000000e+00	0.000000e+00
25400	2.215316e+00	0.000000e+00	0.000000e+00	0.000000e+00	0.000000e+00	0.000000e+00	0.000000e+00	0.000000e+00	0.000000e+00	0.000000e+00	0.000000e+00	0.000000e+00	0.000000e+00	0.000000e+00	0.000000e+00	0.000000e+00
25500	2.146460e+00	0.000000e+00	0.000000e+00	0.000000e+00	0.000000e+00	0.000000e+00	0.000000e+00	0.000000e+00	0.000000e+00	0.000000e+00	0.000000e+00	0.000000e+00	0.000000e+00	0.000000e+00	0.000000e+00	0.000000e+00
25600	2.076702e+00	0.000000e+00	0.000000e+00	0.000000e+00	0.000000e+00	0.000000e+00	0.000000e+00	0.000000e+00	0.000000e+00	0.000000e+00	0.000000e+00	0.000000e+00	0.000000e+00	0.000000e+00	0.000000e+00	0.000000e+00
25700	2.006032e+00	0.000000e+00	0.000000e+00	0.000000e+00	0.000000e+00	0.000000e+00	0.000000e+00	0.000000e+00	0.000000e+00	0.000000e+00	0.000000e+00	0.000000e+00	0.000000e+00	0.000000e+00	0.000000e+00	0.000000e+00
25800	1.934442e+00	0.000000e+00	0.000000e+00	0.000000e+00	0.000000e+00	0.000000e+00	0.000000e+00	0.000000e+00	0.000000e+00	0.000000e+00	0.000000e+00	0.000000e+00	0.000000e+00	0.000000e+00	0.000000e+00	0.000000e+00
25900	1.861925e+00	0.000000e+00	0.000000e+00	0.000000e+00	0.000000e+00	0.000000e+00	0.000000e+00	0.000000e+00	0.000000e+00	0.000000e+00	0.000000e+00	0.000000e+00	0.000000e+00	0.000000e+00	0.000000e+00	0.000000e+00
26000	1.788471e+00	0.000000e+00	0.000000e+00	0.000000e+00	0.000000e+00	0.000000e+00	0.000000e+00	0.000000e+00	0.000000e+00	0.000000e+00	0.000000e+00	0.000000e+00	0.000000e+00	0.000000e+00	0.000000e+00	0.000000e+00
26100	1.714074e+00	0.000000e+00	0.000000e+00	0.000000e+00	0.000000e+00	0.000000e+00	0.000000e+00	0.000000e+00	0.000000e+00	0.000000e+00	0.000000e+00	0.000000e+00	0.000000e+00	0.000000e+00	0.000000e+00	0.000000e+00
26200	1.638723e+00	0.000000e+00	0.000000e+00	0.000000e+00	0.000000e+00	0.000000e+00	0.000000e+00	0.000000e+00	0.000000e+00	0.000000e+00	0.000000e+00	0.000000e+00	0.000000e+00	0.000000e+00	0.000000e+00	0.000000e+00
26300	1.562411e+00	0.000000e+00	0.000000e+00	0.000000e+00	0.000000e+00	0.000000e+00	0.000000e+00	0.000000e+00	0.000000e+00	0.000000e+00	0.000000e+00	0.000000e+00	0.000000e+00	0.000000e+00	0.000000e+00	0.000000e+00
26400	1.485130e+00	0.000000e+00	0.000000e+00	0.000000e+00	0.000000e+00	0.000000e+00	0.000000e+00	0.000000e+00	0.000000e+00	0.000000e+00	0.000000e+00	0.000000e+00	0.000000e+00	0.000000e+00	0.000000e+00	0.000000e+00
26500	1.406871e+00	0.000000e+00	0.000000e+00	0.000000e+00	0.000000e+00	0.000000e+00	0.000000e+00	0.000000e+00	0.000000e+00	0.000000e+00	0.000000e+00	0.000000e+00	0.000000e+00	0.000000e+00	0.000000e+00	0.000000e+00
26600	1.327626e+00	0.000000e+00	0.000000e+00	0.000000e+00	0.000000e+00	0.000000e+00	0.000000e+00	0.000000e+00	0.000000e+00	0.000000e+00	0.000000e+00	0.000000e+00	0.000000e+00	0.000000e+00	0.000000e+00	0.000000e+00
26700	1.247387e+00	0.000000e+00	0.000000e+00	0.000000e+00	0.000000e+00	0.000000e+00	0.000000e+00	0.000000e+00	0.000000e+00	0.000000e+00	0.000000e+00	0.000000e+00	0.000000e+00	0.000000e+00	0.000000e+00	0.000000e+00
26800	1.166145e+00	0.000000e+00	0.000000e+00	0.000000e+00	0.000000e+00	0.000000e+00	0.000000e+00	0.000000e+00	0.000000e+00	0.000000e+00	0.000000e+00	0.000000e+00	0.000000e+00	0.000000e+00	0.000000e+00	0.000000e+00
26900	1.083893e+00	0.000000e+00	0.000000e+00	0.000000e+00	0.000000e+00	0.000000e+00	0.000000e+00	0.000000e+00	0.000000e+00	0.000000e+00	0.000000e+00	0.000000e+00	0.000000e+00	0.000000e+00	0.000000e+00	0.000000e+00
27000	1.000621e+00	0.000000e+00	0.000000e+00	0.000000e+00	0.000000e+00	0.000000e+00	0.000000e+00	0.000000e+00	0.000000e+00	0.000000e+00	0.000000e+00	0.000000e+00	0.000000e+00	0.000000e+00	0.000000e+00	0.000000e+00
27100	9.163218e-01	0.000000e+00	0.000000e+00	0.000000e+00	0.000000e+00	0.000000e+00	0.000000e+00	0.000000e+00	0.000000e+00	0.000000e+00	0.000000e+00	0.000000e+00	0.000000e+00	0.000000e+00	0.000000e+00	0.000000e+00
27200	8.309868e-01	0.000000e+00	0.000000e+00	0.000000e+00	0.000000e+00	0.000000e+00	0.000000e+00	0.000000e+00	0.000000e+00	0.000000e+00	0.000000e+00	0.000000e+00	0.000000e+00	0.000000e+00	0.000000e+00	0.000000e+00
27300	7.446077e-01	0.000000e+00	0.000000e+00	0.000000e+00	0.000000e+00	0.000000e+00	0.000000e+00	0.000000e+00	0.000000e+00	0.000000e+00	0.000000e+00	0.000000e+00	0.000000e+00	0.000000e+00	0.000000e+00	0.000000e+00
27400	6.571762e-01	0.000000e+00	0.000000e+00	0.000000e+00	0.000000e+00	0.000000e+00	0.000000e+00	0.000000e+00	0.000000e+00	0.000000e+00	0.000000e+00	0.000000e+00	0.000000e+00	0.000000e+00	0.000000e+00	0.000000e+00
27500	5.686840e-01	0.000000e+00	0.000000e+00	0.000000e+00	0.000000e+00	0.000000e+00	0.000000e+00	0.000000e+00	0.000000e+00	0.000000e+00	0.000000e+00	0.000000e+00	0.000000e+00	0.000000e+00	0.000000e+00	0.000000e+00
27600	4.791229e-01	0.000000e+00	0.000000e+00	0.000000e+00	0.000000e+00	0.000000e+00	0.000000e+00	0.000000e+00	0.000000e+00	0.000000e+00	0.000000e+00	0.000000e+00	0.000000e+00	0.000000e+00	0.000000e+00	0.000000e+00
27700	3.884844e-01	0.000000e+00	0.000000e+00	0.000000e+00	0.000000e+00	0.000000e+00	0.000000e+00	0.000000e+00	0.000000e+00	0.000000e+00	0.000000e+00	0.000000e+00	0.000000e+00	0.000000e+00	0.000000e+00	0.000000e+00
27800	2.967604e-01	0.000000e+00	0.000000e+00	0.000000e+00	0.000000e+00	0.000000e+00	0.000000e+00	0.000000e+00	0.000000e+00	0.000000e+00	0.000000e+00	0.000000e+00	0.000000e+00	0.000000e+00	0.000000e+00	0.000000e+00
27900	2.039425e-01	0.000000e+00	0.000000e+00	0.000000e+00	0.000000e+00	0.000000e+00	0.000000e+00	0.000000e+00	0.000000e+00	0.000000e+00	0.000000e+00	0.000000e+00	0.000000e+00	0.000000e+00	0.000000e+00	0.000000e+00
28000	1.100224e-01	0.000000e+00	0.000000e+00	0.000000e+00	0.000000e+00	0.000000e+00	0.000000e+00	0.000000e+00	0.000000e+00	0.000000e+00	0.000000e+00	0.000000e+00	0.000000e+00	0.000000e+00	0.000000e+00	0.000000e+00
28100	1.499176e-02	0.000000e+00	0.000000e+00	0.000000e+00	0.000000e+00	0.000000e+00	0.000000e+00	0.000000e+00	0.000000e+00	0.000000e+00	0.000000e+00	0.000000e+00	0.000000e+00	0.000000e+00	0.000000e+00	0.000000e+00
28200	0.000000e+00	0.000000e+00	0.000000e+00	0.000000e+00	0.000000e+00	0.000000e+00	0.000000e+00	0.000000e+00	0.000000e+00	0.000000e+00	0.000000e+00	0.000000e+00	0.000000e+00	0.000000e+00	0.000000e+00	0.000000e+00
28300	0.000000e+00	0.000000e+00	0.000000e+00	0.000000e+00	0.000000e+00	0.000000e+00	0.000000e+00	0.000000e+00	0.000000e+00	0.000000e+00	0.000000e+00	0.000000e+00	0.000000e+00	0.000000e+00	0.000000e+00	0.000000e+00
28400	0.000000e+00	0.000000e+00	0.000000e+00	0.000000e+00	0.000000e+00	0.000000e+00	0.000000e+00	0.000000e+00	0.000000e+00	0.000000e+00	0.000000e+00	0.000000e+00	0.000000e+00	0.000000e+00	0.000000e+00	0.000000e+00
28500	0.000000e+00	0.000000e+00	0.000000e+00	0.000000e+00	0.000000e+00	0.000000e+00	0.000000e+00	0.000000e+00	0.000000e+00	0.000000e+00	0.000000e+00	0.000000e+00	0.000000e+00	0.000000e+00	0.000000e+00	0.000000e+00
28600	0.000000e+00	0.000000e+00	0.000000e+00	0.000000e+00	0.000000e+00	0.000000e+00	0.000000e+00	0.000000e+00	0.000000e+00	0.000000e+00	0.000000e+00	0.000000e+00	0.000000e+00	0.000000e+00	0.000000e+00	0.000000e+00
28700	0.000000e+00	0.000000e+00	0.000000e+00	0.000000e+00	0.000000e+00	0.000000e+00	0.000000e+00	0.000000e+00	0.000000e+00	0.000000e+00	0.000000e+00	0.000000e+00	0.000000e+00	0.000000e+00	0.000000e+00	0.000000e+00
28800	0.000000e+00	0.000000e+00	0.000000e+00	0.000000e+00	0.000000e+00	0.000000e+00	0.000000e+00	0.000000e+00	0.000000e+00	0.000000e+00	0.000000e+00	0.000000e+00	0.000000e+00	0.000000e+00	0.000000e+00	0.000000e+00
28900	0.000000e+00	0.000000e+00	0.000000e+00	0.000000e+00	0.000000e+00	0.000000e+00	0.000000e+00	0.000000e+00	0.000000e+00	0.000000e+00	0.000000e+00	0.000000e+00	0.000000e+00	0.000000e+00	0.000000e+00	0.000000e+00
29000	0.000000e+00	0.000000e+00	0.000000e+00	0.000000e+00	0.000000e+00	0.000000e+00	0.000000e+00	0.000000e+00	0.000000e+00	0.000000e+00	0.000000e+00	0.000000e+00	0.000000e+00	0.000000e+00	0.000000e+00	0.000000e+00
29100	0.000000e+00	0.000000e+00	0.000000e+00	0.000000e+00	0.000000e+00	0.000000e+00	0.000000e+00	0.000000e+00	0.000000e+00	0.000000e+00	0.000000e+00	0.000000e+00	0.000000e+00	0.000000e+00	0.000000e+00	0.000000e+00
29200	0.000000e+00	0.000000e+00	0.000000e+00	0.000000e+00	0.000000e+00	0.000000e+00	0.000000e+00	0.000000e+00	0.000000e+00	0.000000e+00	0.000000e+00	0.000000e+00	0.000000e+00	0.000000e+00	0.000000e+00	0.000000e+00
29300	0.000000e+00	0.000000e+00	0.000000e+00	0.000000e+00	0.000000e+00	0.000000e+00	0.000000e+00	0.000000e+00	0.000000e+00	0.000000e+00	0.000000e+00	0.000000e+00	0.000000e+00	0.000000e+00	0.000000e+00	0.000000e+00
29400	0.000000e+00	0.000000e+00	0.000000e+00	0.000000e+00	0.000000e+00	0.000000e+00	0.000000e+00	0.000000e+00	0.000000e+00	0.000000e+00	0.000000e+00	0.000000e+00	0.000000e+00	0.000000e+00	0.000000e+00	0.000000e+00
29500	0.000000e+00	0.000000e+00	0.000000e+00	0.000000e+00	0.000000e+00	0.000000e+00	0.000000e+00	0.000000e+00	0.000000e+00	0.000000e+00	0.000000e+00	0.000000e+00	0.000000e+00	0.000000e+00	0.000000e+00	0.000000e+00
29600	0.000000e+00	0.000000e+00	0.000000e+00	0.000000e+00	0.000000e+00	0.000000e+00	0.000000e+00	0.000000e+00	0.000000e+00	0.000000e+00	0.000000e+00	0.000000e+00	0.000000e+00	0.000000e+00	0.000000e+00	0.000000e+00
29700	0.000000e+00	0.000000e+00	0.000000e+00	0.000000e+00	0.000000e+00	0.000000e+00	0.000000e+00	0.000000e+00	0.000000e+00	0.000000e+00	0.000000e+00	0.000000e+00	0.000000e+00	0.000000e+00	0.000000e+00	0.000000e+00
29800	0.000000e+00	0.000000e+00	0.000000e+00	0.000000e+00	0.000000e+00	0.000000e+00	0.000000e+00	0.000000e+00	0.000000e+00	0.000000e+00	0.000000e+00	0.000000e+00	0.000000e+00	0.000000e+00	0.000000e+00	0.000000e+00
29900	0.000000e+00	0.000000e+00	0.000000e+00	0.000000e+00	0.000000e+00	0.000000e+00	0.000000e+00	0.000000e+00	0.000000e+00	0.000000e+00	0.000000e+00	0.000000e+00	0.000000e+00	0.000000e+00	0.000000e+00	0.000000e+00
30000	0.000000e+00	0.000000e+00	0.000000e+00	0.000000e+00	0.000000e+00	0.000000e+00	0.000000e+00	0.000000e+00	0.000000e+00	0.000000e+00	0.000000e+00	0.000000e+00	0.000000e+00	0.000000e+00	0.000000e+00	0.000000e+00
30100	0.000000e+00	0.000000e+00	0.000000e+00	0.000000e+00	0.000000e+00	0.000000e+00	0.000000e+00	0.000000e+00	0.000000e+00	0.000000e+00	0.000000e+00	0.000000e+00	0.000000e+00	0.000000e+00	0.000000e+00	0.000000e+00
30200	0.000000e+00	0.000000e+00	0.000000e+00	0.000000e+00	0.000000e+00	0.000000e+00	0.000000e+00	0.000000e+00	0.000000e+00	0.000000e+00	0.000000e+00	0.000000e+00	0.000000e+00	0.000000e+00	0.000000e+00	0.000000e+00
30300	0.000000e+00	0.000000e+00	0.000000e+00	0.000000e+00	0.000000e+00	0.000000e+00	0.000000e+00	0.000000e+00	0.000000e+00	0.000000e+00	0.000000e+00	0.000000e+00	0.000000e+00	0.000000e+00	0.000000e+00	0.000000e+00
30400	0.000000e+00	0.000000e+00	0.000000e+00	0.000000e+00	0.000000e+00	0.000000e+00	0.000000e+00	0.000000e+00	0.000000e+00	0.000000e+00	0.000000e+00	0.000000e+00	0.000000e+00	0.000000e+00	0.000000e+00	0.000000e+00
30500	0.000000e+00	0.000000e+00	0.000000e+00	0.000000e+00	0.000000e+00	0.000000e+00	0.000000e+00	0.000000e+00	0.000000e+00	0.000000e+00	0.000000e+00	0.000000e+00	0.000000e+00	0.000000e+00	0.000000e+00	0.000000e+00
30600	0.000000e+00	0.000000e+00	0.000000e+00	0.000000e+00	0.000000e+00	0.000000e+00	0.000000e+00	0.000000e+00	0.000000e+00	0.000000e+00	0.000000e+00	0.000000e+00	0.000000e+00	0.000000e+00	0.000000e+00	0.000000e+00
30700	0.000000e+00	0.000000e+00	0.000000e+00	0.000000e+00	0.000000e+00	0.000000e+00	0.000000e+00	0.000000e+00	0.000000e+00	0.000000e+00	0.000000e+00	0.000000e+00	0.000000e+00	0.000000e+00	0.000000e+00	0.000000e+00
30800	0.000000e+00	0.000000e+00	0.000000e+00	0.000000e+00	0.000000e+00	0.000000e+00	0.000000e+00	0.000000e+00	0.000000e+00	0.000000e+00	0.000000e+00	0.000000e+00	0.000000e+00	0.000000e+00	0.000000e+00	0.000000e+00
30900	0.000000e+00	0.000000e+00	0.000000e+00	0.000000e+00	0.000000e+00	0.000000e+00	0.000000e+00	0.000000e+00	0.000000e+00	0.000000e+00	0.000000e+00	0.000000e+00	0.000000e+00	0.000000e+00	0.000000e+00	0.000000e+00
31000	0.000000e+00	0.000000e+00	0.000000e+00	0.000000e+00	0.000000e+00	0.000000e+00	0.000000e+00	0.000000e+00	0.000000e+00	0.000000e+00	0.000000e+00	0.000000e+00	0.000000e+00	0.000000e+00	0.000000e+00	0.000000e+00
31100	0.000000e+00	0.000000e+00	0.000000e+00	0.000000e+00	0.000000e+00	0.000000e+00	0.000000e+00	0.000000e+00	0.000000e+00	0.000000e+00	0.000000e+00	0.000000e+00	0.000000e+00	0.000000e+00	0.000000e+00	0.000000e+00
31200	0.000000e+00	0.000000e+00	0.000000e+00	0.000000e+00	0.000000e+00	0.000000e+00	0.000000e+00	0.000000e+00	0.000000e+00	0.000000e+00	0.000000e+00	0.000000e+00	0.000000e+00	0.000000e+00	0.000000e+00	0.000000e+00
31300	0.000000e+00	0.000000e+00	0.000000e+00	0.000000e+00	0.000000e+00	0.000000e+00	0.000000e+00	0.000000e+00	0.000000e+00	0.000000e+00	0.000000e+00	0.000000e+00	0.000000e+00	0.000000e+00	0.000000e+00	0.000000e+00
31400	0.000000e+00	0.000000e+00	0.000000e+00	0.000000e+00	0.000000e+00	0.000000e+00	0.000000e+00	0.000000e+00	0.000000e+00	0.000000e+00	0.000000e+00	0.000000e+00	0.000000e+00	0.000000e+00	0.000000e+00	0.000000e+00
31500	0.000000e+00	0.000000e+00	0.000000e+00	0.000000e+00	0.000000e+00	0.000000e+00	0.000000e+00	0.000000e+00	0.000000e+00	0.000000e+00	0.000000e+00	0.000000e+00	0.000000e+00	0.000000e+00	0.000000e+00	0.000000e+00
31600	0.000000e+00	0.000000e+00	0.000000e+00	0.000000e+00	0.000000e+00	0.000000e+00	0.000000e+00	0.000000e+00	0.000000e+00	0.000000e+00	0.000000e+00	0.000000e+00	0.000000e+00	0.000000e+00	0.000000e+00	0.000000e+00
31700	0.000000e+00	0.000000e+00	0.000000e+00	0.000000e+00	0.000000e+00	0.000000e+00	0.000000e+00	0.000000e+00	0.000000e+00	0.000000e+00	0.000000e+00	0.000000e+00	0.000000e+00	0.000000e+00	0.000000e+00	0.000000e+00
31800	0.000000e+00	0.000000e+00	0.000000e+00	0.000000e+00	0.000000e+00	0.000000e+00	0.000000e+00	0.000000e+00	0.000000e+00	0.000000e+00	0.000000e+00	0.000000e+00	0.000000e+00	0.000000e+00	0.000000e+00	0.000000e+00
31900	0.000000e+00	0.000000e+00	0.000000e+00	0.000000e+00	0.000000e+00	0.000000e+00	0.000000e+00	0.000000e+00	0.000000e+00	0.000000e+00	0.000000e+00	0.000000e+00	0.000000e+00	0.000000e+00	0.000000e+00	0.000000e+00
32000	0.000000e+00	0.000000e+00	0.000000e+00	0.000000e+00	0.000000e+00	0.000000e+00	0.000000e+00	0.000000e+00	0.000000e+00	0.000000e+00	0.000000e+00	0.000000e+00	0.000000e+00	0.000000e+00	0.000000e+00	0.000000e+00
32100	0.000000e+00	0.000000e+00	0.000000e+00	0.000000e+00	0.000000e+00	0.000000e+00	0.000000e+00	0.000000e+00	0.000000e+00	0.000000e+00	0.000000e+00	0.000000e+00	0.000000e+00	0.000000e+00	0.000000e+00	0.000000e+00
32200	0.000000e+00	0.000000e+00	0.000000e+00	0.000000e+00	0.000000e+00	0.000000e+00	0.000000e+00	0.000000e+00	0.000000e+00	0.000000e+00	0.000000e+00	0.000000e+00	0.000000e+00	0.000000e+00	0.000000e+00	0.000000e+00
32300	0.000000e+00	0.000000e+00	0.000000e+00	0.000000e+00	0.000000e+00	0.000000e+00	0.000000e+00	0.000000e+00	0.000000e+00	0.000000e+00	0.000000e+00	0.000000e+00	0.000000e+00	0.000000e+00	0.000000e+00	0.000000e+00
32400	0.000000e+00	0.000000e+00	0.000000e+00	0.000000e+00	0.000000e+00	0.000000e+00	0.000000e+00	0.000000e+00	0.000000e+00	0.000000e+00	0.000000e+00	0.000000e+00	0.000000e+00	0.000000e+00	0.000000e+00	0.000000e+00
32500	0.000000e+00	0.000000e+00	0.000000e+00	0.000000e+00	0.000000e+00	0.000000e+00	0.000000e+00	0.000000e+00	0.000000e+00	0.000000e+00	0.000000e+00	0.000000e+00	0.000000e+00	0.000000e+00	0.000000e+00	0.000000e+00
32600	0.000000e+00	0.000000e+00	0.000000e+00	0.000000e+00	0.000000e+00	0.000000e+00	0.000000e+00	0.000000e+00	0.000000e+00	0.000000e+00	0.000000e+00	0.000000e+00	0.000000e+00	0.000000e+00	0.000000e+00	0.000000e+00
32700	0.000000e+00	0.000000e+00	0.000000e+00	0.000000e+00	0.000000e+00	0.000000e+00	0.000000e+00	0.000000e+00	0.000000e+00	0.000000e+00	0.000000e+00	0.000000e+00	0.000000e+00	0.000000e+00	0.000000e+00	0.000000e+00
32800	0.000000e+00	0.000000e+00	0.000000e+00	0.000000e+00	0.000000e+00	0.000000e+00	0.000000e+00	0.000000e+00	0.000000e+00	0.000000e+00	0.000000e+00	0.000000e+00	0.000000e+00	0.000000e+00	0.000000e+00	0.000000e+00
32900	0.000000e+00	0.000000e+00	0.000000e+00	0.000000e+00	0.000000e+00	0.000000e+00	0.000000e+00	0.000000e+00	0.000000e+00	0.000000e+00	0.000000e+00	0.000000e+00	0.000000e+00	0.000000e+00	0.000000e+00	0.000000e+00
33000	0.000000e+00	0.000000e+00	0.000000e+00	0.000000e+00	0.000000e+00	0.000000e+00	0.000000e+00	0.000000e+00	0.000000e+00	0.000000e+00	0.000000e+00	0.000000e+00	0.000000e+00	0.000000e+00	0.000000e+00	0.000000e+00
33100	0.000000e+00	0.000000e+00	0.000000e+00	0.000000e+00	0.000000e+00	0.000000e+00	0.000000e+00	0.000000e+00	0.000000e+00	0.000000e+00	0.000000e+00	0.000000e+00	0.000000e+00	0.000000e+00	0.000000e+00	0.000000e+00
33200	0.000000e+00	0.000000e+00	0.000000e+00	0.000000e+00	0.000000e+00	0.000000e+00	0.000000e+00	0.000000e+00	0.000000e+00	0.000000e+00	0.000000e+00	0.000000e+00	0.000000e+00	0.000000e+00	0.000000e+00	0.000000e+00
33300	0.000000e+00	0.000000e+00	0.000000e+00	0.000000e+00	0.000000e+00	0.000000e+00	0.000000e+00	0.000000e+00	0.000000e+00	0.000000e+00	0.000000e+00	0.000000e+00	0.000000e+00	0.000000e+00	0.000000e+00	0.000000e+00
33400	0.000000e+00	0.000000e+00	0.000000e+00	0.000000e+00	0.000000e+00	0.000000e+00	0.000000e+00	0.000000e+00	0.000000e+00	0.000000e+00	0.000000e+00	0.000000e+00	0.000000e+00	0.000000e+00	0.000000e+00	0.000000e+00
33500	0.000000e+00	0.000000e+00	0.000000e+00	0.000000e+00	0.000000e+00	0.000000e+00	0.000000e+00	0.000000e+00	0.000000e+00	0.000000e+00	0.000000e+00	0.000000e+00	0.000000e+00	0.000000e+00	0.000000e+00	0.000000e+00
33600	0.000000e+00	0.000000e+00	0.000000e+00	0.000000e+00	0.000000e+00	0.000000e+00	0.000000e+00	0.000000e+00	0.000000e+00	0.000000e+00	0.000000e+00	0.000000e+00	0.000000e+00	0.000000e+00	0.000000e+00	0.000000e+00
33700	0.000000e+00	0.000000e+00	0.000000e+00	0.000000e+00	0.000000e+00	0.000000e+00	0.000000e+00	0.000000e+00	0.000000e+00	0.000000e+00	0.000000e+00	0.000000e+00	0.000000e+00	0.000000e+00	0.000000e+00	0.000000e+00
33800	0.000000e+00	0.000000e+00	0.000000e+00	0.000000e+00	0.000000e+00	0.000000e+00	0.000000e+00	0.000000e+00	0.000000e+00	0.000000e+00	0.000000e+00	0.000000e+00	0.000000e+00	0.000000e+00	0.000000e+00	0.000000e+00
33900	0.000000e+00	0.000000e+00	0.000000e+00	0.000000e+00	0.000000e+00	0.000000e+00	0.000000e+00	0.000000e+00	0.000000e+00	0.000000e+00	0.000000e+00	0.000000e+00	0.000000e+00	0.000000e+00	0.000000e+00	0.000000e+00
34000	0.000000e+00	0.000000e+00	0.000000e+00	0.000000e+00	0.000000e+00	0.000000e+00	0.000000e+00	0.000000e+00	0.000000e+00	0.000000e+00	0.000000e+00	0.000000e+00	0.000000e+00	0.000000e+00	0.000000e+00	0.000000e+00
34100	0.000000e+00	0.000000e+00	0.000000e+00	0.000000e+00	0.000000e+00	0.000000e+00	0.000000e+00	0.000000e+00	0.000000e+00	0.000000e+00	0.000000e+00	0.000000e+00	0.000000e+00	0.000000e+00	0.000000e+00	0.000000e+00
34200	0.000000e+00	0.000000e+00	0.000000e+00	0.000000e+00	0.000000e+00	0.000000e+00	0.000000e+00	0.000000e+00	0.000000e+00	0.000000e+00	0.000000e+00	0.000000e+00	0.000000e+00	0.000000e+00	0.000000e+00	0.000000e+00
34300	0.000000e+00	0.000000e+00	0.000000e+00	0.000000e+00	0.000000e+00	0.000000e+00	0.000000e+00	0.000000e+00	0.000000e+00	0.000000e+00	0.000000e+00	0.000000e+00	0.000000e+00	0.000000e+00	0.000000e+00	0.000000e+00
34400	0.000000e+00	0.000000e+00	0.000000e+00	0.000000e+00	0.000000e+00	0.000000e+00	0.000000e+00	0.000000e+00	0.000000e+00	0.000000e+00	0.000000e+00	0.000000e+00	0.000000e+00	0.000000e+00	0.000000e+00	0.000000e+00
34500	0.000000e+00	0.000000e+00	0.000000e+00	0.000000e+00	0.000000e+00	0.000000e+00	0.000000e+00	0.000000e+00	0.000000e+00	0.000000e+00	0.000000e+00	0.000000e+00	0.000000e+00	0.000000e+00	0.000000e+00	0.000000e+00
34600	0.000000e+00	0.000000e+00	0.000000e+00	0.000000e+00	0.000000e+00	0.000000e+00	0.000000e+00	0.000000e+00	0.000000e+00	0.000000e+00	0.000000e+00	0.000000e+00	0.000000e+00	0.000000e+00	0.000000e+00	0.000000e+00
34700	0.000000e+00	0.000000e+00	0.000000e+00	0.000000e+00	0.000000e+00	0.000000e+00	0.000000e+00	0.000000e+00	0.000000e+00	0.000000e+00	0.000000e+00	0.000000e+00	0.000000e+00	0.000000e+00	0.000000e+00	0.000000e+00
34800	0.000000e+00	0.000000e+00	0.000000e+00	0.000000e+00	0.000000e+00	0.000000e+00	0.000000e+00	0.000000e+00	0.000000e+00	0.000000e+00	0.000000e+00	0.000000e+00	0.000000e+00	0.000000e+00	0.000000e+00	0.000000e+00
34900	0.000000e+00	0.000000e+00	0.000000e+00	0.000000e+00	0.000000e+00	0.000000e+00	0.000000e+00	0.000000e+00	0.000000e+00	0.000000e+00	0.000000e+00	0.000000e+00	0.000000e+00	0.000000e+00	0.000000e+00	0.000000e+00
35000	0.000000e+00	0.000000e+00	0.000000e+00	0.000000e+00	0.000000e+00	0.000000e+00	0.000000e+00	0.000000e+00	0.000000e+00	0.000000e+00	0.000000e+00	0.000000e+00	0.000000e+00	0.000000e+00	0.000000e+00	0.000000e+00
35100	0.000000e+00	0.000000e+00	0.000000e+00	0.000000e+00	0.000000e+00	0.000000e+00	0.000000e+00	0.000000e+00	0.000000e+00	0.000000e+00	0.000000e+00	0.000000e+00	0.000000e+00	0.000000e+00	0.000000e+00	0.000000e+00
35200	0.000000e+00	0.000000e+00	0.000000e+00	0.000000e+00	0.000000e+00	0.000000e+00	0.000000e+00	0.000000e+00	0.000000e+00	0.000000e+00	0.000000e+00	0.000000e+00	0.000000e+00	0.000000e+00	0.000000e+00	0.000000e+00
35300	0.000000e+00	0.000000e+00	0.000000e+00	0.000000e+00	0.000000e+00	0.000000e+00	0.000000e+00	0.000000e+00	0.000000e+00	0.000000e+00	0.000000e+00	0.000000e+00	0.000000e+00	0.000000e+00	0.000000e+00	0.000000e+00
35400	0.000000e+00	0.000000e+00	0.000000e+00	0.000000e+00	0.000000e+00	0.000000e+00	0.000000e+00	0.000000e+00	0.000000e+00	0.000000e+00	0.000000e+00	0.000000e+00	0.000000e+00	0.000000e+00	0.000000e+00	0.000000e+00
35500	0.000000e+00	0.000000e+00	0.000000e+00	0.000000e+00	0.000000e+00	0.000000e+00	0.000000e+00	0.000000e+00	0.000000e+00	0.000000e+00	0.000000e+00	0.000000e+00	0.000000e+00	0.000000e+00	0.000000e+00	0.000000e+00
35600	0.000000e+00	0.000000e+00	0.000000e+00	0.000000e+00	0.000000e+00	0.000000e+00	0.000000e+00	0.000000e+00	0.000000e+00	0.000000e+00	0.000000e+00	0.000000e+00	0.000000e+00	0.000000e+00	0.000000e+00	0.000000e+00
35700	0.000000e+00	0.000000e+00	0.000000e+00	0.000000e+00	0.000000e+00	0.000000e+00	0.000000e+00	0.000000e+00	0.000000e+00	0.000000e+00	0.000000e+00	0.000000e+00	0.000000e+00	0.000000e+00	0.000000e+00	0.000000e+00
35800	0.000000e+00	0.000000e+00	0.000000e+00	0.000000e+00	0.000000e+00	0.000000e+00	0.000000e+00	0.000000e+00	0.000000e+00	0.000000e+00	0.000000e+00	0.000000e+00	0.000000e+00	0.000000e+00	0.000000e+00	0.000000e+00
35900	0.000000e+00	0.000000e+00	0.000000e+00	0.000000e+00	0.000000e+00	0.000000e+00	0.000000e+00	0.000000e+00	0.000000e+00	0.000000e+00	0.000000e+00	0.000000e+00	0.000000e+00	0.000000e+00	0.000000e+00	0.000000e+00
36000	0.000000e+00	0.000000e+00	0.000000e+00	0.000000e+00	0.000000e+00	0.000000e+00	0.000000e+00	0.000000e+00	0.000000e+00	0.000000e+00	0.000000e+00	0.000000e+00	0.000000e+00	0.000000e+00	0.000000e+00	0.000000e+00
36100	0.000000e+00	0.000000e+00	0.000000e+00	0.000000e+00	0.000000e+00	0.000000e+00	0.000000e+00	0.000000e+00	0.000000e+00	0.000000e+00	0.000000e+00	0.000000e+00	0.000000e+00	0.000000e+00	0.000000e+00	0.000000e+00
36200	0.000000e+00	0.000000e+00	0.000000e+00	0.000000e+00	0.000000e+00	0.000000e+00	0.000000e+00	0.000000e+00	0.000000e+00	0.000000e+00	0.000000e+00	0.000000e+00	0.000000e+00	0.000000e+00	0.000000e+00	0.000000e+00
36300	0.000000e+00	0.000000e+00	0.000000e+00	0.000000e+00	0.000000e+00	0.000000e+00	0.000000e+00	0.000000e+00	0.000000e+00	0.000000e+00	0.000000e+00	0.000000e+00	0.000000e+00	0.000000e+00	0.000000e+00	0.000000e+00
36400	0.000000e+00	0.000000e+00	0.000000e+00	0.000000e+00	0.000000e+00	0.000000e+00	0.000000e+00	0.000000e+00	0.000000e+00	0.000000e+00	0.000000e+00	0.000000e+00	0.000000e+00	0.000000e+00	0.000000e+00	0.000000e+00
36500	0.000000e+00	0.000000e+00	0.000000e+00	0.000000e+00	0.000000e+00	0.000000e+00	0.000000e+00	0.000000e+00	0.000000e+00	0.000000e+00	0.000000e+00	0.000000e+00	0.000000e+00	0.000000e+00	0.000000e+00	0.000000e+00
36600	0.000000e+00	0.000000e+00	0.000000e+00	0.000000e+00	0.000000e+00	0.000000e+00	0.000000e+00	0.000000e+00	0.000000e+00	0.000000e+00	0.000000e+00	0.000000e+00	0.000000e+00	0.000000e+00	0.000000e+00	0.000000e+00
36700	0.000000e+00	0.000000e+00	0.000000e+00	0.000000e+00	0.000000e+00	0.000000e+00	0.000000e+00	0.000000e+00	0.000000e+00	0.000000e+00	0.000000e+00	0.000000e+00	0.000000e+00	0.000000e+00	0.000000e+00	0.000000e+00
36800	0.000000e+00	0.000000e+00	0.000000e+00	0.000000e+00	0.000000e+00	0.000000e+00	0.000000e+00	0.000000e+00	0.000000e+00	0.000000e+00	0.000000e+00	0.000000e+00	0.000000e+00	0.000000e+00	0.000000e+00	0.000000e+00
36900	0.000000e+00	0.000000e+00	0.000000e+00	0.000000e+00	0.000000e+00	0.000000e+00	0.000000e+00	0.000000e+00	0.000000e+00	0.000000e+00	0.000000e+00	0.000000e+00	0.000000e+00	0.000000e+00	0.000000e+00	0.000000e+00
37000	0.000000e+00	0.000000e+00	0.000000e+00	0.000000e+00	0.000000e+00	0.000000e+00	0.000000e+00	0.000000e+00	0.000000e+00	0.000000e+00	0.000000e+00	0.000000e+00	0.000000e+00	0.000000e+00	0.000000e+00	0.000000e+00
37100	0.000000e+00	0.000000e+00	0.000000e+00	0.000000e+00	0.000000e+00	0.000000e+00	0.000000e+00	0.000000e+00	0.000000e+00	0.000000e+00	0.000000e+00	0.000000e+00	0.000000e+00	0.000000e+00	0.000000e+00	0.000000e+00
37200	0.000000e+00	0.000000e+00	0.000000e+00	0.000000e+00	0.000000e+00	0.000000e+00	0.000000e+00	0.000000e+00	0.000000e+00	0.000000e+00	0.000000e+00	0.000000e+00	0.000000e+00	0.000000e+00	0.000000e+00	0.000000e+00
37300	0.000000e+00	0.000000e+00	0.000000e+00	0.000000e+00	0.000000e+00	0.000000e+00	0.000000e+00	0.000000e+00	0.000000e+00	0.000000e+00	0.000000e+00	0.000000e+00	0.000000e+00	0.000000e+00	0.000000e+00	0.000000e+00
37400	0.000000e+00	0.000000e+00	0.000000e+00	0.000000e+00	0.000000e+00	0.000000e+00	0.000000e+00	0.000000e+00	0.000000e+00	0.000000e+00	0.000000e+00	0.000000e+00	0.000000e+00	0.000000e+00	0.000000e+00	0.000000e+00
37500	0.000000e+00	0.000000e+00	0.000000e+00	0.000000e+00	0.000000e+00	0.000000e+00	0.000000e+00	0.000000e+00	0.000000e+00	0.000000e+00	0.000000e+00	0.000000e+00	0.000000e+00	0.000000e+00	0.000000e+00	0.000000e+00
37600	0.000000e+00	0.000000e+00	0.000000e+00	0.000000e+00	0.000000e+00	0.000000e+00	0.000000e+00	0.000000e+00	0.000000e+00	0.000000e+00	0.000000e+00	0.000000e+00	0.000000e+00	0.000000e+00	0.000000e+00	0.000000e+00
37700	0.000000e+00	0.000000e+00	0.000000e+00	0.000000e+00	0.000000e+00	0.000000e+00	0.000000e+00	0.000000e+00	0.000000e+00	0.000000e+00	0.000000e+00	0.000000e+00	0.000000e+00	0.000000e+00	0.000000e+00	0.000000e+00
37800	0.000000e+00	0.000000e+00	0.000000e+00	0.000000e+00	0.000000e+00	0.000000e+00	0.000000e+00	0.000000e+00	0.000000e+00	0.000000e+00	0.000000e+00	0.000000e+00	0.000000e+00	0.000000e+00	0.000000e+00	0.000000e+00
37900	0.000000e+00	0.000000e+00	0.000000e+00	0.000000e+00	0.000000e+00	0.000000e+00	0.000000e+00	0.000000e+00	0.000000e+00	0.000000e+00	0.000000e+00	0.000000e+00	0.000000e+00	0.000000e+00	0.000000e+00	0.000000e+00
38000	0.000000e+00	0.000000e+00	0.000000e+00	0.000000e+00	0.000000e+00	0.000000e+00	0.000000e+00	0.000000e+00	0.000000e+00	0.000000e+00	0.000000e+00	0.000000e+00	0.000000e+00	0.000000e+00	0.000000e+00	0.000000e+00
38100	0.000000e+00	0.000000e+00	0.000000e+00	0.000000e+00	0.000000e+00	0.000000e+00	0.000000e+00	0.000000e+00	0.000000e+00	0.000000e+00	0.000000e+00	0.000000e+00	0.000000e+00	0.000000e+00	0.000000e+00	0.000000e+00
38200	0.000000e+00	0.000000e+00	0.000000e+00	0.000000e+00	0.000000e+00	0.000000e+00	0.000000e+00	0.000000e+00	0.000000e+00	0.000000e+00	0.000000e+00	0.000000e+00	0.000000e+00	0.000000e+00	0.000000e+00	0.000000e+00
38300	0.000000e+00	0.000000e+00	0.000000e+00	0.000000e+00	0.000000e+00	0.000000e+00	0.000000e+00	0.000000e+00	0.000000e+00	0.000000e+00	0.000000e+00	0.000000e+00	0.000000e+00	0.000000e+00	0.000000e+00	0.000000e+00
38400	0.000000e+00	0.000000e+00	0.000000e+00	0.000000e+00	0.000000e+00	0.000000e+00	0.000000e+00	0.000000e+00	0.000000e+00	0.000000e+00	0.000000e+00	0.000000e+00	0.000000e+00	0.000000e+00	0.000000e+00	0.000000e+00
38500	0.000000e+00	0.000000e+00	0.000000e+00	0.000000e+00	0.000000e+00	0.000000e+00	0.000000e+00	0.000000e+00	0.000000e+00	0.000000e+00	0.000000e+00	0.000000e+00	0.000000e+00	0.000000e+00	0.000000e+00	0.000000e+00
38600	0.000000e+00	0.000000e+00	0.000000e+00	0.000000e+00	0.000000e+00	0.000000e+00	0.000000e+00	0.000000e+00	0.000000e+00	0.000000e+00	0.000000e+00	0.000000e+00	0.000000e+00	0.000000e+00	0.000000e+00	0.000000e+00
38700	0.000000e+00	0.000000e+00	0.000000e+00	0.000000e+00	0.000000e+00	0.000000e+00	0.000000e+00	0.000000e+00	0.000000e+00	0.000000e+00	0.000000e+00	0.000000e+00	0.000000e+00	0.000000e+00	0.000000e+00	0.000000e+00
38800	0.000000e+00	0.000000e+00	0.000000e+00	0.000000e+00	0.000000e+00	0.000000e+00	0.000000e+00	0.000000e+00	0.000000e+00	0.000000e+00	0.000000e+00	0.000000e+00	0.000000e+00	0.000000e+00	0.000000e+00	0.000000e+00
38900	0.000000e+00	0.000000e+00	0.000000e+00	0.000000e+00	0.000000e+00	0.000000e+00	0.000000e+00	0.000000e+00	0.000000e+00	0.000000e+00	0.000000e+00	0.000000e+00	0.000000e+00	0.000000e+00	0.000000e+00	0.000000e+00
39000	0.000000e+00	0.000000e+00	0.000000e+00	0.000000e+00	0.000000e+00	0.000000e+00	0.000000e+00	0.000000e+00	0.000000e+00	0.000000e+00	0.000000e+00	0.000000e+00	0.000000e+00	0.000000e+00	0.000000e+00	0.000000e+00
39100	0.000000e+00	0.000000e+00	0.000000e+00	0.000000e+00	0.000000e+00	0.000000e+00	0.000000e+00	0.000000e+00	0.000000e+00	0.000000e+00	0.000000e+00	0.000000e+00	0.000000e+00	0.000000e+00	0.000000e+00	0.000000e+00
39200	0.000000e+00	0.000000e+00	0.000000e+00	0.000000e+00	0.000000e+00	0.000000e+00	0.000000e+00	0.000000e+00	0.000000e+00	0.000000e+00	0.000000e+00	0.000000e+00	0.000000e+00	0.000000e+00	0.000000e+00	0.000000e+00
39300	0.000000e+00	0.000000e+00	0.000000e+00	0.000000e+00	0.000000e+00	0.000000e+00	0.000000e+00	0.000000e+00	0.000000e+00	0.000000e+00	0.000000e+00	0.000000e+00	0.000000e+00	0.000000e+00	0.000000e+00	0.000000e+00
39400	0.000000e+00	0.000000e+00	0.000000e+00	0.000000e+00	0.000000e+00	0.000000e+00	0.000000e+00	0.000000e+00	0.000000e+00	0.000000e+00	0.000000e+00	0.000000e+00	0.000000e+00	0.000000e+00	0.000000e+00	0.000000e+00
39500	0.000000e+00	0.000000e+00	0.000000e+00	0.000000e+00	0.000000e+00	0.000000e+00	0.000000e+00	0.000000e+00	0.000000e+00	0.000000e+00	0.000000e+00	0.000000e+00	0.000000e+00	0.000000e+00	0.000000e+00	0.000000e+00
39600	0.000000e+00	0.000000e+00	0.000000e+00	0.000000e+00	0.000000e+00	0.000000e+00	0.000000e+00	0.000000e+00	0.000000e+00	0.000000e+00	0.000000e+00	0.000000e+00	0.000000e+00	0.000000e+00	0.000000e+00	0.000000e+00
39700	0.000000e+00	0.000000e+00	0.000000e+00	0.000000e+00	0.000000e+00	0.000000e+00	0.000000e+00	0.000000e+00	0.000000e+00	0.000000e+00	0.000000e+00	0.000000e+00	0.000000e+00	0.000000e+00	0.000000e+00	0.000000e+00
39800	0.000000e+00	0.000000e+00	0.000000e+00	0.000000e+00	0.000000e+00	0.000000e+00	0.000000e+00	0.000000e+00	0.000000e+00	0.000000e+00	0.000000e+00	0.000000e+00	0.000000e+00	0.000000e+00	0.000000e+00	0.000000e+00
39900	0.000000e+00	0.000000e+00	0.000000e+00	0.000000e+00	0.000000e+00	0.000000e+00	0.000000e+00	0.000000e+00	0.000000e+00	0.000000e+00	0.000000e+00	0.000000e+00	0.000000e+00	0.000000e+00	0.000000e+00	0.000000e+00
40000	0.000000e+00	0.000000e+00	0.000000e+00	0.000000e+00	0.000000e+00	0.000000e+00	0.000000e+00	0.000000e+00	0.000000e+00	0.000000e+00	0.000000e+00	0.000000e+00	0.000000e+00	0.000000e+00	0.000000e+00	0.000000e+00
40100	0.000000e+00	0.000000e+00	0.000000e+00	0.000000e+00	0.000000e+00	0.000000e+00	0.000000e+00	0.000000e+00	0.000000e+00	0.000000e+00	0.000000e+00	0.000000e+00	0.000000e+00	0.000000e+00	0.000000e+00	0.000000e+00
40200	0.000000e+00	0.000000e+00	0.000000e+00	0.000000e+00	0.000000e+00	0.000000e+00	0.000000e+00	0.000000e+00	0.000000e+00	0.000000e+00	0.000000e+00	0.000000e+00	0.000000e+00	0.000000e+00	0.000000e+00	0.000000e+00
40300	0.000000e+00	0.000000e+00	0.000000e+00	0.000000e+00	0.000000e+00	0.000000e+00	0.000000e+00	0.000000e+00	0.000000e+00	0.000000e+00	0.000000e+00	0.000000e+00	0.000000e+00	0.000000e+00	0.000000e+00	0.000000e+00
40400	0.000000e+00	0.000000e+00	0.000000e+00	0.000000e+00	0.000000e+00	0.000000e+00	0.000000e+00	0.000000e+00	0.000000e+00	0.000000e+00	0.000000e+00	0.000000e+00	0.000000e+00	0.000000e+00	0.000000e+00	0.000000e+00
40500	0.000000e+00	0.000000e+00	0.000000e+00	0.000000e+00	0.000000e+00	0.000000e+00	0.000000e+00	0.000000e+00	0.000000e+00	0.000000e+00	0.000000e+00	0.000000e+00	0.000000e+00	0.000000e+00	0.000000e+00	0.000000e+00
40600	0.000000e+00	0.000000e+00	0.000000e+00	0.000000e+00	0.000000e+00	0.000000e+00	0.000000e+00	0.000000e+00	0.000000e+00	0.000000e+00	0.000000e+00	0.000000e+00	0.000000e+00	0.000000e+00	0.000000e+00	0.000000e+00
40700	0.000000e+00	0.000000e+00	0.000000e+00	0.000000e+00	0.000000e+00	0.000000e+00	0.000000e+00	0.000000e+00	0.000000e+00	0.000000e+00	0.000000e+00	0.000000e+00	0.000000e+00	0.000000e+00	0.000000e+00	0.000000e+00
40800	0.000000e+00	0.000000e+00	0.000000e+00	0.000000e+00	0.000000e+00	0.000000e+00	0.000000e+00	0.000000e+00	0.000000e+00	0.000000e+00	0.000000e+00	0.000000e+00	0.000000e+00	0.000000e+00	0.000000e+00	0.000000e+00
40900	0.000000e+00	0.000000e+00	0.000000e+00	0.000000e+00	0.000000e+00	0.000000e+00	0.000000e+00	0.000000e+00	0.000000e+00	0.000000e+00	0.000000e+00	0.000000e+00	0.000000e+00	0.000000e+00	0.000000e+00	0.000000e+00
41000	0.000000e+00	0.000000e+00	0.000000e+00	0.000000e+00	0.000000e+00	0.000000e+00	0.000000e+00	0.000000e+00	0.000000e+00	0.000000e+00	0.000000e+00	0.000000e+00	0.000000e+00	0.000000e+00	0.000000e+00	0.000000e+00
41100	0.000000e+00	0.000000e+00	0.000000e+00	0.000000e+00	0.000000e+00	0.000000e+00	0.000000e+00	0.000000e+00	0.000000e+00	0.000000e+00	0.000000e+00	0.000000e+00	0.000000e+00	0.000000e+00	0.000000e+00	0.000000e+00
41200	0.000000e+00	0.000000e+00	0.000000e+00	0.000000e+00	0.000000e+00	0.000000e+00	0.000000e+00	0.000000e+00	0.000000e+00	0.000000e+00	0.000000e+00	0.000000e+00	0.000000e+00	0.000000e+00	0.000000e+00	0.000000e+00
41300	0.000000e+00	0.000000e+00	0.000000e+00	0.000000e+00	0.000000e+00	0.000000e+00	0.000000e+00	0.000000e+00	0.000000e+00	0.000000e+00	0.000000e+00	0.000000e+00	0.000000e+00	0.000000e+00	0.000000e+00	0.000000e+00
41400	0.000000e+00	0.000000e+00	0.000000e+00	0.000000e+00	0.000000e+00	0.000000e+00	0.000000e+00	0.000000e+00	0.000000e+00	0.000000e+00	0.000000e+00	0.000000e+00	0.000000e+00	0.000000e+00	0.000000e+00	0.000000e+00
41500	0.000000e+00	0.000000e+00	0.000000e+00	0.000000e+00	0.000000e+00	0.000000e+00	0.000000e+00	0.000000e+00	0.000000e+00	0.000000e+00	0.000000e+00	0.000000e+00	0.000000e+00	0.000000e+00	0.000000e+00	0.000000e+00
41600	0.000000e+00	0.000000e+00	0.000000e+00	0.000000e+00	0.000000e+00	0.000000e+00	0.000000e+00	0.000000e+00	0.000000e+00	0.000000e+00	0.000000e+00	0.000000e+00	0.000000e+00	0.000000e+00	0.000000e+00	0.000000e+00
41700	0.000000e+00	0.000000e+00	0.000000e+00	0.000000e+00	0.000000e+00	0.000000e+00	0.000000e+00	0.000000e+00	0.000000e+00	0.000000e+00	0.000000e+00	0.000000e+00	0.000000e+00	0.000000e+00	0.000000e+00	0.000000e+00
41800	0.000000e+00	0.000000e+00	0.000000e+00	0.000000e+00	0.000000e+00	0.000000e+00	0.000000e+00	0.000000e+00	0.000000e+00	0.000000e+00	0.000000e+00	0.000000e+00	0.000000e+00	0.000000e+00	0.000000e+00	0.000000e+00
41900	0.000000e+00	0.000000e+00	0.000000e+00	0.000000e+00	0.000000e+00	0.000000e+00	0.000000e+00	0.000000e+00	0.000000e+00	0.000000e+00	0.000000e+00	0.000000e+00	0.000000e+00	0.000000e+00	0.000000e+00	0.000000e+00
42000	0.000000e+00	0.000000e+00	0.000000e+00	0.000000e+00	0.000000e+00	0.000000e+00	0.000000e+00	0.000000e+00	0.000000e+00	0.000000e+00	0.000000e+00	0.000000e+00	0.000000e+00	0.000000e+00	0.000000e+00	0.000000e+00
42100	0.000000e+00	0.000000e+00	0.000000e+00	0.000000e+00	0.000000e+00	0.000000e+00	0.000000e+00	0.000000e+00	0.000000e+00	0.000000e+00	0.000000e+00	0.000000e+00	0.000000e+00	0.000000e+00	0.000000e+00	0.000000e+00
42200	0.000000e+00	0.000000e+00	0.000000e+00	0.000000e+00	0.000000e+00	0.000000e+00	0.000000e+00	0.000000e+00	0.000000e+00	0.000000e+00	0.000000e+00	0.000000e+00	0.000000e+00	0.000000e+00	0.000000e+00	0.000000e+00
42300	0.000000e+00	0.000000e+00	0.000000e+00	0.000000e+00	0.000000e+00	0.000000e+00	0.000000e+00	0.000000e+00	0.000000e+00	0.000000e+00	0.000000e+00	0.000000e+00	0.000000e+00	0.000000e+00	0.000000e+00	0.000000e+00
42400	0.000000e+00	0.000000e+00	0.000000e+00	0.000000e+00	0.000000e+00	0.000000e+00	0.000000e+00	0.000000e+00	0.000000e+00	0.000000e+00	0.000000e+00	0.000000e+00	0.000000e+00	0.000000e+00	0.000000e+00	0.000000e+00
42500	0.000000e+00	0.000000e+00	0.000000e+00	0.000000e+00	0.000000e+00	0.000000e+00	0.000000e+00	0.000000e+00	0.000000e+00	0.000000e+00	0.000000e+00	0.000000e+00	0.000000e+00	0.000000e+00	0.000000e+00	0.000000e+00
42600	0.000000e+00	0.000000e+00	0.000000e+00	0.000000e+00	0.000000e+00	0.000000e+00	0.000000e+00	0.000000e+00	0.000000e+00	0.000000e+00	0.000000e+00	0.000000e+00	0.000000e+00	0.000000e+00	0.000000e+00	0.000000e+00
42700	0.000000e+00	0.000000e+00	0.000000e+00	0.000000e+00	0.000000e+00	0.000000e+00	0.000000e+00	0.000000e+00	0.000000e+00	0.000000e+00	0.000000e+00	0.000000e+00	0.000000e+00	0.000000e+00	0.000000e+00	0.000000e+00
42800	0.000000e+00	0.000000e+00	0.000000e+00	0.000000e+00	0.000000e+00	0.000000e+00	0.000000e+00	0.000000e+00	0.000000e+00	0.000000e+00	0.000000e+00	0.000000e+00	0.000000e+00	0.000000e+00	0.000000e+00	0.000000e+00
42900	0.000000e+00	0.000000e+00	0.000000e+00	0.000000e+00	0.000000e+00	0.000000e+00	0.000000e+00	0.000000e+00	0.000000e+00	0.000000e+00	0.000000e+00	0.000000e+00	0.000000e+00	0.000000e+00	0.000000e+00	0.000000e+00
43000	0.000000e+00	0.000000e+00	0.000000e+00	0.000000e+00	0.000000e+00	0.000000e+00	0.000000e+00	0.000000e+00	0.000000e+00	0.000000e+00	0.000000e+00	0.000000e+00	0.000000e+00	0.000000e+00	0.000000e+00	0.000000e+00
43100	0.000000e+00	0.000000e+00	0.000000e+00	0.000000e+00	0.000000e+00	0.000000e+00	0.000000e+00	0.000000e+00	0.000000e+00	0.000000e+00	0.000000e+00	0.000000e+00	0.000000e+00	0.000000e+00	0.000000e+00	0.000000e+00
43200	0.000000e+00	0.000000e+00	0.000000e+00	0.000000e+00	0.000000e+00	0.000000e+00	0.000000e+00	0.000000e+00	0.000000e+00	0.000000e+00	0.000000e+00	0.000000e+00	0.000000e+00	0.000000e+00	0.000000e+00	0.000000e+00
43300	0.000000e+00	0.000000e+00	0.000000e+00	0.000000e+00	0.000000e+00	0.000000e+00	0.000000e+00	0.000000e+00	0.000000e+00	0.000000e+00	0.000000e+00	0.000000e+00	0.000000e+00	0.000000e+00	0.000000e+00	0.000000e+00
43400	0.000000e+00	0.000000e+00	0.000000e+00	0.000000e+00	0.000000e+00	0.000000e+00	0.000000e+00	0.000000e+00	0.000000e+00	0.000000e+00	0.000000e+00	0.000000e+00	0.000000e+00	0.000000e+00	0.000000e+00	0.000000e+00
43500	0.000000e+00	0.000000e+00	0.000000e+00	0.000000e+00	0.000000e+00	0.000000e+00	0.000000e+00	0.000000e+00	0.000000e+00	0.000000e+00	0.000000e+00	0.000000e+00	0.000000e+00	0.000000e+00	0.000000e+00	0.000000e+00
43600	0.000000e+00	0.000000e+00	0.000000e+00	0.000000e+00	0.000000e+00	0.000000e+00	0.000000e+00	0.000000e+00	0.000000e+00	0.000000e+00	0.000000e+00	0.000000e+00	0.000000e+00	0.000000e+00	0.000000e+00	0.000000e+00
43700	0.000000e+00	0.000000e+00	0.000000e+00	0.000000e+00	0.000000e+00	0.000000e+00	0.000000e+00	0.000000e+00	0.000000e+00	0.000000e+00	0.000000e+00	0.000000e+00	0.000000e+00	0.000000e+00	0.000000e+00	0.000000e+00
43800	0.000000e+00	0.000000e+00	0.000000e+00	0.000000e+00	0.000000e+00	0.000000e+00	0.000000e+00	0.000000e+00	0.000000e+00	0.000000e+00	0.000000e+00	0.000000e+00	0.000000e+00	0.000000e+00	0.000000e+00	0.000000e+00
43900	0.000000e+00	0.000000e+00	0.000000e+00	0.000000e+00	0.000000e+00	0.000000e+00	0.000000e+00	0.000000e+00	0.000000e+00	0.000000e+00	0.000000e+00	0.000000e+00	0.000000e+00	0.000000e+00	0.000000e+00	0.000000e+00
44000	0.000000e+00	0.000000e+00	0.000000e+00	0.000000e+00	0.000000e+00	0.000000e+00	0.000000e+00	0.000000e+00	0.000000e+00	0.000000e+00	0.000000e+00	0.000000e+00	0.000000e+00	0.000000e+00	0.000000e+00	0.000000e+00
44100	0.000000e+00	0.000000e+00	0.000000e+00	0.000000e+00	0.000000e+00	0.000000e+00	0.000000e+00	0.000000e+00	0.000000e+00	0.000000e+00	0.000000e+00	0.000000e+00	0.000000e+00	0.000000e+00	0.000000e+00	0.000000e+00
44200	0.000000e+00	0.000000e+00	0.000000e+00	0.000000e+00	0.000000e+00	0.000000e+00	0.000000e+00	0.000000e+00	0.000000e+00	0.000000e+00	0.000000e+00	0.000000e+00	0.000000e+00	0.000000e+00	0.000000e+00	0.000000e+00
44300	0.000000e+00	0.000000e+00	0.000000e+00	0.000000e+00	0.000000e+00	0.000000e+00	0.000000e+00	0.000000e+00	0.000000e+00	0.000000e+00	0.000000e+00	0.000000e+00	0.000000e+00	0.000000e+00	0.000000e+00	0.000000e+00
44400	0.000000e+00	0.000000e+00	0.000000e+00	0.000000e+00	0.000000e+00	0.000000e+00	0.000000e+00	0.000000e+00	0.000000e+00	0.000000e+00	0.000000e+00	0.000000e+00	0.000000e+00	0.000000e+00	0.000000e+00	0.000000e+00
44500	0.000000e+00	0.000000e+00	0.000000e+00	0.000000e+00	0.000000e+00	0.000000e+00	0.000000e+00	0.000000e+00	0.000000e+00	0.000000e+00	0.000000e+00	0.000000e+00	0.000000e+00	0.000000e+00	0.000000e+00	0.000000e+00
44600	0.000000e+00	0.000000e+00	0.000000e+00	0.000000e+00	0.000000e+00	0.000000e+00	0.000000e+00	0.000000e+00	0.000000e+00	0.000000e+00	0.000000e+00	0.000000e+00	0.000000e+00	0.000000e+00	0.000000e+00	0.000000e+00
44700	0.000000e+00	0.000000e+00	0.000000e+00	0.000000e+00	0.000000e+00	0.000000e+00	0.000000e+00	0.000000e+00	0.000000e+00	0.000000e+00	0.000000e+00	0.000000e+00	0.000000e+00	0.000000e+00	0.000000e+00	0.000000e+00
44800	0.000000e+00	0.000000e+00	0.000000e+00	0.000000e+00	0.000000e+00	0.000000e+00	0.000000e+00	0.000000e+00	0.000000e+00	0.000000e+00	0.000000e+00	0.000000e+00	0.000000e+00	0.000000e+00	0.000000e+00	0.000000e+00
44900	0.000000e+00	0.000000e+00	0.000000e+00	0.000000e+00	0.000000e+00	0.000000e+00	0.000000e+00	0.000000e+00	0.000000e+00	0.000000e+00	0.000000e+00	0.000000e+00	0.000000e+00	0.000000e+00	0.000000e+00	0.000000e+00
45000	0.000000e+00	0.000000e+00	0.000000e+00	0.000000e+00	0.000000e+00	0.000000e+00	0.000000e+00	0.000000e+00	0.000000e+00	0.000000e+00	0.000000e+00	0.000000e+00	0.000000e+00	0.000000e+00	0.000000e+00	0.000000e+00
