300	1.636323e+00	1.072605e+00	7.269761e-01	5.013406e-01	3.540709e-01	2.615185e-01	2.079518e-01	1.471817e+00	1.069943e+00	7.880395e-01	5.880080e-01	4.477340e-01	9.206121e-01	6.709074e-01	4.998631e-01	8.457896e-01
400	1.193201e+00	7.220181e-01	4.570285e-01	3.081848e-01	2.323826e-01	2.042696e-01	2.078731e-01	1.048458e+00	7.134361e-01	5.015206e-01	3.715521e-01	2.984128e-01	6.118596e-01	4.333729e-01	3.302755e-01	5.531115e-01
500	9.012231e-01	5.168939e-01	3.275918e-01	2.454619e-01	2.275150e-01	2.490907e-01	2.952721e-01	7.780937e-01	5.136714e-01	3.692688e-01	3.025610e-01	2.881821e-01	4.478277e-01	3.334415e-01	2.874703e-01	4.121849e-01
600	7.135831e-01	4.021034e-01	2.774487e-01	2.511074e-01	2.799142e-01	3.403376e-01	4.188856e-01	6.078334e-01	4.086941e-01	3.264277e-01	3.168530e-01	3.546513e-01	3.677486e-01	3.089300e-01	3.112843e-01	3.590875e-01
700	5.879536e-01	3.445155e-01	2.759084e-01	2.955952e-01	3.619305e-01	4.529804e-01	5.567248e-01	5.065116e-01	3.679910e-01	3.414139e-01	3.825851e-01	4.665590e-01	3.418351e-01	3.303384e-01	3.732365e-01	3.630269e-01
800	4.993170e-01	3.201304e-01	3.020230e-01	3.612409e-01	4.587454e-01	5.747336e-01	6.988171e-01	4.464322e-01	3.670562e-01	3.926995e-01	4.803158e-01	6.058847e-01	3.478675e-01	3.787372e-01	4.570365e-01	4.027579e-01
900	4.434401e-01	3.207511e-01	3.464724e-01	4.393449e-01	5.629562e-01	6.996483e-01	8.405601e-01	4.202584e-01	3.957369e-01	4.693736e-01	5.991863e-01	7.620936e-01	3.766693e-01	4.449438e-01	5.542162e-01	4.677658e-01
1000	4.140146e-01	3.398772e-01	4.030799e-01	5.246108e-01	6.703700e-01	8.245763e-01	9.796335e-01	4.207804e-01	4.461150e-01	5.635911e-01	7.317325e-01	9.281407e-01	4.214489e-01	5.227752e-01	6.594159e-01	5.503689e-01
1100	4.019393e-01	3.710249e-01	4.670187e-01	6.133374e-01	7.780435e-01	9.470186e-01	1.113803e+00	4.401629e-01	5.117450e-01	6.696595e-01	8.727858e-01	1.099332e+00	4.768177e-01	6.078029e-01	7.688622e-01	6.449509e-01
1200	4.004287e-01	4.100675e-01	5.356000e-01	7.038525e-01	8.852884e-01	1.067345e+00	1.244557e+00	4.733987e-01	5.886900e-01	7.839961e-01	1.019058e+00	1.272866e+00	5.397837e-01	6.977033e-01	8.808590e-01	7.481131e-01
1300	4.067347e-01	4.546023e-01	6.067480e-01	7.941073e-01	9.897463e-01	1.182736e+00	1.368775e+00	5.172426e-01	6.740257e-01	9.039358e-01	1.168110e+00	1.446626e+00	6.080030e-01	7.902623e-01	9.930917e-01	8.571853e-01
1400	4.197923e-01	5.031727e-01	6.797128e-01	8.845113e-01	1.093152e+00	1.296216e+00	1.490499e+00	5.691445e-01	7.652956e-01	1.027536e+00	1.318646e+00	1.620036e+00	6.799779e-01	8.848866e-01	1.105992e+00	9.703322e-01
1500	4.389760e-01	5.544235e-01	7.528484e-01	9.732172e-01	1.193588e+00	1.406151e+00	1.608842e+00	6.276334e-01	8.607588e-01	1.153197e+00	1.469410e+00	1.792314e+00	7.540519e-01	9.798596e-01	1.217940e+00	1.085837e+00
1600	4.633001e-01	6.076308e-01	8.255577e-01	1.059539e+00	1.289993e+00	1.510875e+00	1.721506e+00	6.916140e-01	9.592984e-01	1.279879e+00	1.619513e+00	1.962736e+00	8.294559e-01	1.074361e+00	1.327947e+00	1.202630e+00
1700	4.920589e-01	6.629882e-01	8.991902e-01	1.146327e+00	1.386830e+00	1.616148e+00	1.834854e+00	7.603752e-01	1.060520e+00	1.407622e+00	1.769514e+00	2.132313e+00	9.068438e-01	1.170040e+00	1.438763e+00	1.320977e+00
1800	5.238559e-01	7.190377e-01	9.718681e-01	1.231296e+00	1.481770e+00	1.720091e+00	1.947835e+00	8.326857e-01	1.163358e+00	1.535518e+00	1.918738e+00	2.300648e+00	9.847237e-01	1.265229e+00	1.548785e+00	1.439786e+00
1900	5.577176e-01	7.747737e-01	1.042067e+00	1.312064e+00	1.571564e+00	1.818930e+00	2.056695e+00	9.075978e-01	1.266999e+00	1.662786e+00	2.066411e+00	2.467012e+00	1.061885e+00	1.358247e+00	1.655842e+00	1.558053e+00
2000	5.934656e-01	8.311919e-01	1.112072e+00	1.391963e+00	1.660038e+00	1.916338e+00	2.164479e+00	9.845646e-01	1.371381e+00	1.789754e+00	2.213101e+00	2.632039e+00	1.139564e+00	1.451088e+00	1.762302e+00	1.676345e+00
2100	6.307169e-01	8.887661e-01	1.183468e+00	1.473740e+00	1.750844e+00	2.016394e+00	2.275191e+00	1.063165e+00	1.476525e+00	1.916830e+00	2.359492e+00	2.796561e+00	1.218654e+00	1.545468e+00	1.870510e+00	1.795253e+00
2200	6.683915e-01	9.458606e-01	1.254068e+00	1.554991e+00	1.841832e+00	2.117586e+00	2.388113e+00	1.142799e+00	1.581896e+00	2.043592e+00	2.505325e+00	2.960524e+00	1.297699e+00	1.639857e+00	1.979156e+00	1.914115e+00
2300	7.056127e-01	1.000735e+00	1.321190e+00	1.632334e+00	1.929414e+00	2.216658e+00	2.500725e+00	1.222795e+00	1.686681e+00	2.169188e+00	2.649808e+00	3.123299e+00	1.374838e+00	1.731974e+00	2.085865e+00	2.031791e+00
2400	7.428215e-01	1.054099e+00	1.385698e+00	1.706587e+00	2.014202e+00	2.313997e+00	2.613305e+00	1.303174e+00	1.790976e+00	2.293790e+00	2.793168e+00	3.285182e+00	1.450594e+00	1.822336e+00	2.191052e+00	2.148491e+00
2500	7.810425e-01	1.107839e+00	1.450252e+00	1.780782e+00	2.099071e+00	2.411860e+00	2.727184e+00	1.384174e+00	1.895152e+00	2.417831e+00	2.935729e+00	3.446160e+00	1.526633e+00	1.912843e+00	2.296490e+00	2.264897e+00
2600	8.210246e-01	1.163439e+00	1.517081e+00	1.857675e+00	2.186998e+00	2.513168e+00	2.845012e+00	1.465982e+00	1.999610e+00	2.541978e+00	3.078457e+00	3.607469e+00	1.604393e+00	2.005344e+00	2.404288e+00	2.381857e+00
2700	8.621159e-01	1.220007e+00	1.585199e+00	1.936397e+00	2.277412e+00	2.617751e+00	2.967019e+00	1.548411e+00	2.104157e+00	2.666067e+00	3.221301e+00	3.769291e+00	1.683234e+00	2.099280e+00	2.514101e+00	2.499104e+00
2800	9.031648e-01	1.275860e+00	1.652567e+00	2.014900e+00	2.368595e+00	2.724454e+00	3.092737e+00	1.631151e+00	2.208461e+00	2.789754e+00	3.363988e+00	3.931578e+00	1.761858e+00	2.193339e+00	2.624830e+00	2.616089e+00
2900	9.431145e-01	1.329464e+00	1.717300e+00	2.091164e+00	2.458505e+00	2.831153e+00	3.219799e+00	1.713783e+00	2.312058e+00	2.912395e+00	3.505464e+00	4.092583e+00	1.839000e+00	2.286112e+00	2.734902e+00	2.732042e+00
3000	9.819221e-01	1.380921e+00	1.779588e+00	2.165410e+00	2.547308e+00	2.937796e+00	3.347699e+00	1.796205e+00	2.415007e+00	3.034152e+00	3.645831e+00	4.252054e+00	1.914783e+00	2.377791e+00	2.844464e+00	2.847125e+00
3100	1.020291e+00	1.431510e+00	1.841117e+00	2.239525e+00	2.636947e+00	3.046273e+00	3.478122e+00	1.878603e+00	2.517821e+00	3.155919e+00	3.786390e+00	4.411614e+00	1.990377e+00	2.469821e+00	2.955165e+00	2.962310e+00
3200	1.059001e+00	1.482503e+00	1.903420e+00	2.315090e+00	2.728975e+00	3.158152e+00	3.612728e+00	1.961116e+00	2.620798e+00	3.278213e+00	3.927994e+00	4.572586e+00	2.066773e+00	2.563310e+00	3.068231e+00	3.078183e+00
3300	1.098741e+00	1.534918e+00	1.967625e+00	2.393154e+00	2.824326e+00	3.274373e+00	3.752633e+00	2.043786e+00	2.723987e+00	3.401114e+00	4.070882e+00	4.735563e+00	2.144633e+00	2.658884e+00	3.184281e+00	3.194886e+00
3400	1.139542e+00	1.588676e+00	2.033402e+00	2.472989e+00	2.921772e+00	3.393185e+00	3.895668e+00	2.126305e+00	2.826750e+00	3.523445e+00	4.213143e+00	4.897826e+00	2.223515e+00	2.755673e+00	3.301887e+00	3.311315e+00
3500	1.180911e+00	1.643071e+00	2.099877e+00	2.553494e+00	3.019816e+00	3.512521e+00	4.039114e+00	2.208467e+00	2.928629e+00	3.644247e+00	4.353026e+00	5.056606e+00	2.302741e+00	2.852677e+00	3.419519e+00	3.426541e+00
3600	1.222237e+00	1.697408e+00	2.166510e+00	2.634406e+00	3.118388e+00	3.632281e+00	4.182613e+00	2.290416e+00	3.029937e+00	3.763975e+00	4.490988e+00	5.212152e+00	2.382128e+00	2.949927e+00	3.537316e+00	3.540943e+00
3700	1.262945e+00	1.751099e+00	2.232995e+00	2.715887e+00	3.218110e+00	3.753372e+00	4.327132e+00	2.372404e+00	3.131263e+00	3.883639e+00	4.628426e+00	5.366117e+00	2.461738e+00	3.047919e+00	3.656189e+00	3.655429e+00
3800	1.302561e+00	1.803716e+00	2.299238e+00	2.798375e+00	3.319992e+00	3.877276e+00	4.474445e+00	2.454594e+00	3.233121e+00	4.004278e+00	4.766986e+00	5.520732e+00	2.541728e+00	3.147321e+00	3.777365e+00	3.770917e+00
3900	1.341068e+00	1.855300e+00	2.365419e+00	2.882307e+00	3.424823e+00	4.005168e+00	4.626062e+00	2.537008e+00	3.335709e+00	4.126417e+00	4.907655e+00	5.677489e+00	2.622280e+00	3.248589e+00	3.901686e+00	3.887861e+00
4000	1.378878e+00	1.906253e+00	2.431720e+00	2.967563e+00	3.532229e+00	4.136544e+00	4.781492e+00	2.619443e+00	3.438585e+00	4.249325e+00	5.049439e+00	5.835211e+00	2.703333e+00	3.351383e+00	4.028578e+00	4.005588e+00
4100	1.416368e+00	1.956815e+00	2.497925e+00	3.053253e+00	3.640624e+00	4.269256e+00	4.938259e+00	2.701447e+00	3.540744e+00	4.371260e+00	5.189844e+00	5.990830e+00	2.784370e+00	3.454511e+00	4.156142e+00	4.122495e+00
4200	1.453940e+00	2.007291e+00	2.563925e+00	3.138660e+00	3.748649e+00	4.401434e+00	5.094196e+00	2.782677e+00	3.641372e+00	4.490770e+00	5.326777e+00	6.141797e+00	2.865012e+00	3.556991e+00	4.282764e+00	4.237267e+00
4300	1.492075e+00	2.058234e+00	2.630141e+00	3.223921e+00	3.856124e+00	4.532635e+00	5.248722e+00	2.863241e+00	3.740495e+00	4.607701e+00	5.459891e+00	6.287663e+00	2.945514e+00	3.658844e+00	4.408199e+00	4.349827e+00
4400	1.531022e+00	2.110059e+00	2.697117e+00	3.309642e+00	3.963623e+00	4.663345e+00	5.402217e+00	2.943502e+00	3.838718e+00	4.722846e+00	5.590092e+00	6.429426e+00	3.026425e+00	3.760726e+00	4.533119e+00	4.460957e+00
4500	1.570839e+00	2.163004e+00	2.765347e+00	3.396564e+00	4.072063e+00	4.794543e+00	5.555649e+00	3.023847e+00	3.936784e+00	4.837295e+00	5.718744e+00	6.568646e+00	3.108317e+00	3.863489e+00	4.658573e+00	4.571675e+00
4600	1.611605e+00	2.217356e+00	2.835424e+00	3.485608e+00	4.182609e+00	4.927511e+00	5.710283e+00	3.104710e+00	4.035511e+00	4.952210e+00	5.847199e+00	6.706665e+00	3.191858e+00	3.968139e+00	4.785809e+00	4.683043e+00
4700	1.653324e+00	2.273299e+00	2.907817e+00	3.577554e+00	4.296276e+00	5.063366e+00	5.867208e+00	3.186468e+00	4.135611e+00	5.068611e+00	5.976640e+00	6.844619e+00	3.277602e+00	4.075542e+00	4.915914e+00	4.795981e+00
4800	1.695687e+00	2.330567e+00	2.982395e+00	3.672417e+00	4.413180e+00	5.202242e+00	6.026504e+00	3.269145e+00	4.237217e+00	5.186772e+00	6.107455e+00	6.982936e+00	3.365509e+00	4.185783e+00	5.049057e+00	4.910693e+00
4900	1.738216e+00	2.388501e+00	3.058307e+00	3.769152e+00	4.532117e+00	5.342863e+00	6.186916e+00	3.352186e+00	4.339426e+00	5.305468e+00	6.238225e+00	7.120178e+00	3.454729e+00	4.297756e+00	5.183940e+00	5.026001e+00
5000	1.780477e+00	2.446459e+00	3.134669e+00	3.866632e+00	4.651787e+00	5.483874e+00	6.347163e+00	3.434930e+00	4.441171e+00	5.423276e+00	6.367337e+00	7.254752e+00	3.544334e+00	4.410238e+00	5.319140e+00	5.140563e+00
5100	1.822068e+00	2.503888e+00	3.210784e+00	3.964057e+00	4.771377e+00	5.624557e+00	6.506697e+00	3.516830e+00	4.541659e+00	5.539276e+00	6.493953e+00	7.386107e+00	3.633612e+00	4.522396e+00	5.453825e+00	5.253535e+00
5200	1.862595e+00	2.560256e+00	3.286002e+00	4.060717e+00	4.890216e+00	5.764390e+00	6.665217e+00	3.597379e+00	4.640179e+00	5.652714e+00	6.617515e+00	7.514110e+00	3.721910e+00	4.633511e+00	5.587345e+00	5.364236e+00
5300	1.901868e+00	2.615277e+00	3.359940e+00	4.156160e+00	5.007859e+00	5.903025e+00	6.822537e+00	3.676273e+00	4.736285e+00	5.763097e+00	6.737655e+00	7.638696e+00	3.808838e+00	4.743125e+00	5.719273e+00	5.472233e+00
5400	1.940206e+00	2.669318e+00	3.432939e+00	4.250654e+00	5.124489e+00	6.040580e+00	6.978745e+00	3.753774e+00	4.830221e+00	5.870564e+00	6.854364e+00	7.759714e+00	3.894713e+00	4.851491e+00	5.849778e+00	5.577693e+00
5500	1.978043e+00	2.722942e+00	3.505637e+00	4.344856e+00	5.240720e+00	6.177585e+00	7.134259e+00	3.830358e+00	4.922568e+00	5.975681e+00	6.968062e+00	7.877364e+00	3.980157e+00	4.959258e+00	5.979457e+00	5.681148e+00
5600	2.015800e+00	2.776708e+00	3.578690e+00	4.439458e+00	5.357218e+00	6.314614e+00	7.289522e+00	3.906532e+00	5.013971e+00	6.079106e+00	7.079285e+00	7.991962e+00	4.065819e+00	5.067123e+00	6.108972e+00	5.783205e+00
5700	2.053879e+00	2.831138e+00	3.652674e+00	4.535015e+00	5.474444e+00	6.451989e+00	7.444695e+00	3.982811e+00	5.105106e+00	6.181563e+00	7.188669e+00	8.103952e+00	4.152282e+00	5.175672e+00	6.238821e+00	5.884520e+00
5800	2.092678e+00	2.886731e+00	3.728121e+00	4.632013e+00	5.592760e+00	6.589910e+00	7.599823e+00	4.059719e+00	5.196673e+00	6.283817e+00	7.296915e+00	8.213869e+00	4.240095e+00	5.285432e+00	6.369418e+00	5.985781e+00
5900	2.132583e+00	2.943971e+00	3.805545e+00	4.730913e+00	5.712511e+00	6.728571e+00	7.754956e+00	4.137761e+00	5.289345e+00	6.386606e+00	7.404701e+00	8.322228e+00	4.329786e+00	5.396909e+00	6.501159e+00	6.087649e+00
6000	2.173674e+00	3.002905e+00	3.884925e+00	4.831623e+00	5.833542e+00	6.867785e+00	7.909904e+00	4.216950e+00	5.383135e+00	6.489948e+00	7.512062e+00	8.429086e+00	4.421321e+00	5.510004e+00	6.633894e+00	6.190117e+00
6100	2.215712e+00	3.063134e+00	3.965737e+00	4.933566e+00	5.955319e+00	7.007129e+00	8.064391e+00	4.296821e+00	5.477456e+00	6.593288e+00	7.618631e+00	8.534353e+00	4.514138e+00	5.624115e+00	6.767089e+00	6.292656e+00
6200	2.258485e+00	3.124336e+00	4.047606e+00	5.036403e+00	6.077606e+00	7.146503e+00	8.218437e+00	4.377025e+00	5.571965e+00	6.696445e+00	7.724521e+00	8.638467e+00	4.607867e+00	5.738933e+00	6.900575e+00	6.395111e+00
6300	2.301795e+00	3.186213e+00	4.130190e+00	5.139830e+00	6.200201e+00	7.285817e+00	8.372035e+00	4.457233e+00	5.666345e+00	6.799280e+00	7.829886e+00	8.741899e+00	4.702173e+00	5.854186e+00	7.034223e+00	6.497368e+00
6400	2.345441e+00	3.248458e+00	4.213130e+00	5.243507e+00	6.322840e+00	7.424901e+00	8.525075e+00	4.537040e+00	5.760108e+00	6.901340e+00	7.934417e+00	8.844520e+00	4.796669e+00	5.969515e+00	7.167768e+00	6.599031e+00
6500	2.389220e+00	3.310755e+00	4.296044e+00	5.347056e+00	6.445204e+00	7.563504e+00	8.677351e+00	4.615975e+00	5.852622e+00	7.001910e+00	8.037405e+00	8.945688e+00	4.890930e+00	6.084485e+00	7.300823e+00	6.699464e+00
6600	2.432928e+00	3.372790e+00	4.378550e+00	5.450097e+00	6.566965e+00	7.701363e+00	8.828636e+00	4.693563e+00	5.943246e+00	7.100267e+00	8.138125e+00	9.044736e+00	4.984525e+00	6.198655e+00	7.432998e+00	6.798023e+00
6700	2.476395e+00	3.434299e+00	4.460332e+00	5.552319e+00	6.687859e+00	7.838266e+00	8.978741e+00	4.769390e+00	6.031419e+00	7.195770e+00	8.235931e+00	9.141060e+00	5.077092e+00	6.311655e+00	7.563967e+00	6.894139e+00
6800	2.519660e+00	3.495350e+00	4.541482e+00	5.653833e+00	6.808002e+00	7.974314e+00	9.127722e+00	4.843450e+00	6.117105e+00	7.288321e+00	8.330652e+00	9.234421e+00	5.168703e+00	6.423565e+00	7.693802e+00	6.987723e+00
6900	2.562801e+00	3.556099e+00	4.622200e+00	5.754834e+00	6.927558e+00	8.109632e+00	9.275671e+00	4.915949e+00	6.200536e+00	7.378106e+00	8.422373e+00	9.324786e+00	5.259566e+00	6.534580e+00	7.822654e+00	7.078932e+00
7000	2.605869e+00	3.616669e+00	4.702623e+00	5.855422e+00	7.046572e+00	8.244220e+00	9.422571e+00	4.987143e+00	6.282007e+00	7.465383e+00	8.511259e+00	9.412202e+00	5.349847e+00	6.644823e+00	7.950577e+00	7.167983e+00
7100	2.648949e+00	3.677222e+00	4.782922e+00	5.955719e+00	7.165094e+00	8.378076e+00	9.568396e+00	5.057342e+00	6.361864e+00	7.550454e+00	8.597515e+00	9.496767e+00	5.439750e+00	6.754443e+00	8.077642e+00	7.255140e+00
7200	2.692131e+00	3.737930e+00	4.863288e+00	6.055873e+00	7.283214e+00	8.511243e+00	9.713166e+00	5.126888e+00	6.440515e+00	7.633724e+00	8.681501e+00	9.578774e+00	5.529507e+00	6.863631e+00	8.203980e+00	7.340758e+00
7300	2.735509e+00	3.798972e+00	4.943917e+00	6.156043e+00	7.401029e+00	8.643759e+00	9.856870e+00	5.196146e+00	6.518418e+00	7.715693e+00	8.763711e+00	9.658683e+00	5.619362e+00	6.972604e+00	8.329750e+00	7.425274e+00
7400	2.779180e+00	3.860524e+00	5.025004e+00	6.256382e+00	7.518619e+00	8.775625e+00	9.999442e+00	5.265482e+00	6.596035e+00	7.796858e+00	8.844637e+00	9.736956e+00	5.709563e+00	7.081573e+00	8.455097e+00	7.509122e+00
7500	2.823240e+00	3.922766e+00	5.106748e+00	6.357045e+00	7.636065e+00	8.906850e+00	1.014082e+01	5.335266e+00	6.673830e+00	7.877724e+00	8.924781e+00	9.814055e+00	5.800356e+00	7.190750e+00	8.580170e+00	7.592745e+00
7600	2.867744e+00	3.985834e+00	5.189321e+00	6.458189e+00	7.753475e+00	9.037467e+00	1.028095e+01	5.405815e+00	6.752242e+00	7.958811e+00	9.004690e+00	9.890508e+00	5.891972e+00	7.300366e+00	8.705159e+00	7.676613e+00
7700	2.912629e+00	4.049685e+00	5.272708e+00	6.559821e+00	7.870858e+00	9.167456e+00	1.041976e+01	5.477174e+00	6.831422e+00	8.040399e+00	9.084747e+00	9.966735e+00	5.984437e+00	7.410491e+00	8.830154e+00	7.761000e+00
7800	2.957885e+00	4.114276e+00	5.356850e+00	6.661885e+00	7.988150e+00	9.296723e+00	1.055708e+01	5.549227e+00	6.911239e+00	8.122379e+00	9.164881e+00	1.004269e+01	6.077684e+00	7.521066e+00	8.955102e+00	7.845825e+00
7900	3.003490e+00	4.179530e+00	5.441649e+00	6.764285e+00	8.105266e+00	9.425176e+00	1.069280e+01	5.621748e+00	6.991410e+00	8.204450e+00	9.244797e+00	1.011812e+01	6.171583e+00	7.631966e+00	9.079888e+00	7.930831e+00
8000	3.049373e+00	4.245316e+00	5.526962e+00	6.866903e+00	8.222125e+00	9.552766e+00	1.082690e+01	5.694447e+00	7.071593e+00	8.286266e+00	9.324174e+00	1.019271e+01	6.265953e+00	7.743033e+00	9.204393e+00	8.015715e+00
8100	3.095463e+00	4.311505e+00	5.612648e+00	6.969636e+00	8.338670e+00	9.679475e+00	1.095939e+01	5.767030e+00	7.151445e+00	8.367485e+00	9.402694e+00	1.026619e+01	6.360615e+00	7.854125e+00	9.328518e+00	8.100175e+00
8200	3.141689e+00	4.377967e+00	5.698579e+00	7.072394e+00	8.454866e+00	9.805316e+00	1.109032e+01	5.839207e+00	7.230630e+00	8.447776e+00	9.480065e+00	1.033830e+01	6.455400e+00	7.965109e+00	9.452182e+00	8.183924e+00
8300	3.187981e+00	4.444578e+00	5.784625e+00	7.175088e+00	8.570676e+00	9.930294e+00	1.121972e+01	5.910686e+00	7.308812e+00	8.526821e+00	9.556018e+00	1.040885e+01	6.550139e+00	8.075855e+00	9.575309e+00	8.266688e+00
8400	3.234267e+00	4.511209e+00	5.870656e+00	7.277629e+00	8.686063e+00	1.005441e+01	1.134762e+01	5.981178e+00	7.385661e+00	8.604299e+00	9.630280e+00	1.047764e+01	6.644661e+00	8.186231e+00	9.697819e+00	8.348191e+00
8500	3.280475e+00	4.577730e+00	5.956534e+00	7.379915e+00	8.800975e+00	1.017766e+01	1.147405e+01	6.050400e+00	7.460854e+00	8.679904e+00	9.702593e+00	1.054445e+01	6.738791e+00	8.296099e+00	9.819625e+00	8.428169e+00
8600	3.326550e+00	4.644017e+00	6.042106e+00	7.481799e+00	8.915286e+00	1.029994e+01	1.159893e+01	6.118171e+00	7.534191e+00	8.753447e+00	9.772793e+00	1.060916e+01	6.832358e+00	8.405294e+00	9.940584e+00	8.506449e+00
8700	3.372445e+00	4.709972e+00	6.127244e+00	7.583143e+00	9.028851e+00	1.042108e+01	1.172208e+01	6.184398e+00	7.605585e+00	8.824856e+00	9.840816e+00	1.067171e+01	6.925226e+00	8.513677e+00	1.006055e+01	8.582949e+00
8800	3.418074e+00	4.775486e+00	6.211835e+00	7.683836e+00	9.141556e+00	1.054096e+01	1.184332e+01	6.249028e+00	7.675032e+00	8.894183e+00	9.906752e+00	1.073220e+01	7.017292e+00	8.621156e+00	1.017944e+01	8.657701e+00
8900	3.463404e+00	4.840515e+00	6.295828e+00	7.783819e+00	9.253323e+00	1.065947e+01	1.196251e+01	6.312115e+00	7.742637e+00	8.961575e+00	9.970769e+00	1.079080e+01	7.108526e+00	8.727700e+00	1.029720e+01	8.730825e+00
9000	3.508482e+00	4.905108e+00	6.379250e+00	7.883087e+00	9.364107e+00	1.077651e+01	1.207950e+01	6.373839e+00	7.808610e+00	9.027254e+00	1.003308e+01	1.084769e+01	7.198984e+00	8.833337e+00	1.041384e+01	8.802508e+00
9100	3.553356e+00	4.969317e+00	6.462131e+00	7.981632e+00	9.473856e+00	1.089197e+01	1.219414e+01	6.434389e+00	7.873172e+00	9.091445e+00	1.009389e+01	1.090305e+01	7.288729e+00	8.938099e+00	1.052933e+01	8.872944e+00
9200	3.598077e+00	5.033192e+00	6.544500e+00	8.079444e+00	9.582519e+00	1.100577e+01	1.230628e+01	6.493949e+00	7.936535e+00	9.154360e+00	1.015339e+01	1.095702e+01	7.377820e+00	9.042014e+00	1.064367e+01	8.942317e+00
9300	3.642694e+00	5.096787e+00	6.626390e+00	8.176536e+00	9.690094e+00	1.111791e+01	1.241595e+01	6.552704e+00	7.998908e+00	9.216204e+00	1.021175e+01	1.100975e+01	7.466323e+00	9.145127e+00	1.075689e+01	9.010798e+00
9400	3.687258e+00	5.160155e+00	6.707841e+00	8.272927e+00	9.796591e+00	1.122840e+01	1.252319e+01	6.610837e+00	8.060499e+00	9.277180e+00	1.026915e+01	1.106134e+01	7.554307e+00	9.247489e+00	1.086903e+01	9.078559e+00
9500	3.731819e+00	5.223351e+00	6.788890e+00	8.368633e+00	9.902019e+00	1.133727e+01	1.262807e+01	6.668532e+00	8.121518e+00	9.337493e+00	1.032576e+01	1.111193e+01	7.641838e+00	9.349148e+00	1.098011e+01	9.145768e+00
9600	3.776434e+00	5.286433e+00	6.869577e+00	8.463674e+00	1.000639e+01	1.144453e+01	1.273061e+01	6.725952e+00	8.182135e+00	9.397297e+00	1.038170e+01	1.116158e+01	7.728980e+00	9.450146e+00	1.109017e+01	9.212553e+00
9700	3.821211e+00	5.349526e+00	6.950004e+00	8.558109e+00	1.010972e+01	1.155020e+01	1.283086e+01	6.783244e+00	8.242454e+00	9.456638e+00	1.043697e+01	1.121028e+01	7.815842e+00	9.550545e+00	1.119923e+01	9.278959e+00
9800	3.866292e+00	5.412798e+00	7.030321e+00	8.652044e+00	1.021208e+01	1.165431e+01	1.292886e+01	6.840593e+00	8.302614e+00	9.515587e+00	1.049160e+01	1.125804e+01	7.902584e+00	9.650454e+00	1.130735e+01	9.345064e+00
9900	3.911830e+00	5.476431e+00	7.110693e+00	8.745606e+00	1.031356e+01	1.175695e+01	1.302472e+01	6.898188e+00	8.362758e+00	9.574225e+00	1.054562e+01	1.130488e+01	7.989377e+00	9.749998e+00	1.141462e+01	9.410953e+00
10000	3.957943e+00	5.540567e+00	7.191255e+00	8.838901e+00	1.041424e+01	1.185819e+01	1.311851e+01	6.956150e+00	8.422976e+00	9.632595e+00	1.059905e+01	1.135082e+01	8.076355e+00	9.849277e+00	1.152109e+01	9.476676e+00
10100	4.004633e+00	5.605211e+00	7.272021e+00	8.931946e+00	1.051413e+01	1.195802e+01	1.321024e+01	7.014408e+00	8.483185e+00	9.690619e+00	1.065181e+01	1.139581e+01	8.163516e+00	9.948293e+00	1.162678e+01	9.542176e+00
10200	4.051882e+00	5.670346e+00	7.352980e+00	9.024739e+00	1.061322e+01	1.205644e+01	1.329987e+01	7.072853e+00	8.543273e+00	9.748197e+00	1.070385e+01	1.143984e+01	8.250834e+00	1.004703e+01	1.173167e+01	9.607376e+00
10300	4.099669e+00	5.735946e+00	7.434107e+00	9.117248e+00	1.071147e+01	1.215336e+01	1.338732e+01	7.131375e+00	8.603119e+00	9.805221e+00	1.075508e+01	1.148283e+01	8.338267e+00	1.014544e+01	1.183570e+01	9.672184e+00
10400	4.147971e+00	5.801979e+00	7.515365e+00	9.209421e+00	1.080880e+01	1.224868e+01	1.347243e+01	7.189861e+00	8.662605e+00	9.861579e+00	1.080541e+01	1.152473e+01	8.425763e+00	1.024345e+01	1.193878e+01	9.736501e+00
10500	4.196765e+00	5.868415e+00	7.596716e+00	9.301206e+00	1.090513e+01	1.234229e+01	1.355506e+01	7.248200e+00	8.721608e+00	9.917158e+00	1.085473e+01	1.156548e+01	8.513269e+00	1.034102e+01	1.204084e+01	9.800227e+00
10600	4.246029e+00	5.935222e+00	7.678122e+00	9.392549e+00	1.100037e+01	1.243406e+01	1.363509e+01	7.306280e+00	8.780008e+00	9.971844e+00	1.090298e+01	1.160502e+01	8.600733e+00	1.043806e+01	1.214178e+01	9.863263e+00
10700	4.295740e+00	6.002369e+00	7.759546e+00	9.483398e+00	1.109445e+01	1.252389e+01	1.371236e+01	7.363990e+00	8.837684e+00	1.002552e+01	1.095004e+01	1.164328e+01	8.688102e+00	1.053451e+01	1.224152e+01	9.925509e+00
10800	4.345871e+00	6.069824e+00	7.840949e+00	9.573701e+00	1.118730e+01	1.261166e+01	1.378675e+01	7.421218e+00	8.894520e+00	1.007810e+01	1.099584e+01	1.168022e+01	8.775324e+00	1.063032e+01	1.233999e+01	9.986872e+00
10900	4.396365e+00	6.137525e+00	7.922284e+00	9.663421e+00	1.127886e+01	1.269735e+01	1.385820e+01	7.477887e+00	8.950461e+00	1.012953e+01	1.104036e+01	1.171581e+01	8.862347e+00	1.072545e+01	1.243713e+01	1.004732e+01
11000	4.447127e+00	6.205378e+00	8.003482e+00	9.752530e+00	1.136917e+01	1.278100e+01	1.392683e+01	7.533941e+00	9.005490e+00	1.017983e+01	1.108363e+01	1.175008e+01	8.949106e+00	1.081985e+01	1.253296e+01	1.010684e+01
11100	4.498056e+00	6.273282e+00	8.084467e+00	9.840991e+00	1.145821e+01	1.286266e+01	1.399270e+01	7.589324e+00	9.059588e+00	1.022901e+01	1.112564e+01	1.178302e+01	9.035532e+00	1.091351e+01	1.262748e+01	1.016544e+01
11200	4.549048e+00	6.341134e+00	8.165158e+00	9.928757e+00	1.154600e+01	1.294237e+01	1.405591e+01	7.643978e+00	9.112730e+00	1.027706e+01	1.116641e+01	1.181463e+01	9.121551e+00	1.100638e+01	1.272068e+01	1.022309e+01
11300	4.600017e+00	6.408850e+00	8.245494e+00	1.001580e+01	1.163253e+01	1.302017e+01	1.411655e+01	7.697873e+00	9.164918e+00	1.032401e+01	1.120595e+01	1.184489e+01	9.207111e+00	1.109843e+01	1.281256e+01	1.027980e+01
11400	4.650910e+00	6.476384e+00	8.325444e+00	1.010211e+01	1.171784e+01	1.309615e+01	1.417476e+01	7.751025e+00	9.216190e+00	1.036989e+01	1.124428e+01	1.187383e+01	9.292191e+00	1.118967e+01	1.290315e+01	1.033560e+01
11500	4.701672e+00	6.543691e+00	8.404980e+00	1.018769e+01	1.180196e+01	1.317039e+01	1.423069e+01	7.803449e+00	9.266588e+00	1.041476e+01	1.128145e+01	1.190146e+01	9.376773e+00	1.128009e+01	1.299248e+01	1.039050e+01
11600	4.752250e+00	6.610726e+00	8.484073e+00	1.027253e+01	1.188491e+01	1.324297e+01	1.428449e+01	7.855169e+00	9.316167e+00	1.045868e+01	1.131751e+01	1.192783e+01	9.460839e+00	1.136971e+01	1.308056e+01	1.044457e+01
11700	4.802591e+00	6.677440e+00	8.562687e+00	1.035661e+01	1.196669e+01	1.331392e+01	1.433625e+01	7.906211e+00	9.364989e+00	1.050174e+01	1.135257e+01	1.195304e+01	9.544370e+00	1.145851e+01	1.316743e+01	1.049787e+01
11800	4.852640e+00	6.743785e+00	8.640781e+00	1.043989e+01	1.204728e+01	1.338322e+01	1.438595e+01	7.956602e+00	9.413117e+00	1.054402e+01	1.138669e+01	1.197715e+01	9.627341e+00	1.154649e+01	1.325306e+01	1.055050e+01
11900	4.902343e+00	6.809709e+00	8.718311e+00	1.052234e+01	1.212664e+01	1.345083e+01	1.443355e+01	8.006369e+00	9.460615e+00	1.058560e+01	1.141997e+01	1.200026e+01	9.709728e+00	1.163363e+01	1.333745e+01	1.060253e+01
12000	4.951645e+00	6.875163e+00	8.795233e+00	1.060392e+01	1.220473e+01	1.351671e+01	1.447903e+01	8.055537e+00	9.507543e+00	1.062656e+01	1.145250e+01	1.202243e+01	9.791505e+00	1.171991e+01	1.342059e+01	1.065404e+01
12100	5.000492e+00	6.940098e+00	8.871506e+00	1.068458e+01	1.228151e+01	1.358083e+01	1.452234e+01	8.104133e+00	9.553965e+00	1.066699e+01	1.148435e+01	1.204374e+01	9.872648e+00	1.180532e+01	1.350245e+01	1.070511e+01
12200	5.048839e+00	7.004471e+00	8.947094e+00	1.076431e+01	1.235695e+01	1.364314e+01	1.456345e+01	8.152194e+00	9.599948e+00	1.070697e+01	1.151562e+01	1.206427e+01	9.953137e+00	1.188983e+01	1.358303e+01	1.075584e+01
12300	5.096686e+00	7.068279e+00	9.021984e+00	1.084306e+01	1.243102e+01	1.370362e+01	1.460234e+01	8.199732e+00	9.645508e+00	1.074653e+01	1.154633e+01	1.208407e+01	1.003296e+01	1.197345e+01	1.366232e+01	1.080624e+01
12400	5.144047e+00	7.131524e+00	9.096165e+00	1.092084e+01	1.250370e+01	1.376224e+01	1.463897e+01	8.246707e+00	9.690592e+00	1.078562e+01	1.157648e+01	1.210313e+01	1.011211e+01	1.205615e+01	1.374029e+01	1.085628e+01
12500	5.190942e+00	7.194202e+00	9.169617e+00	1.099760e+01	1.257494e+01	1.381895e+01	1.467329e+01	8.293071e+00	9.735137e+00	1.082419e+01	1.160602e+01	1.212146e+01	1.019053e+01	1.213788e+01	1.381690e+01	1.090591e+01
12600	5.237386e+00	7.256302e+00	9.242299e+00	1.107327e+01	1.264466e+01	1.387367e+01	1.470523e+01	8.338778e+00	9.779079e+00	1.086218e+01	1.163494e+01	1.213905e+01	1.026819e+01	1.221858e+01	1.389206e+01	1.095509e+01
12700	5.283402e+00	7.317819e+00	9.314174e+00	1.114780e+01	1.271278e+01	1.392630e+01	1.473470e+01	8.383791e+00	9.822363e+00	1.089955e+01	1.166318e+01	1.215589e+01	1.034504e+01	1.229818e+01	1.396572e+01	1.100376e+01
12800	5.329043e+00	7.378786e+00	9.385240e+00	1.122114e+01	1.277924e+01	1.397676e+01	1.476160e+01	8.428133e+00	9.864984e+00	1.093627e+01	1.169075e+01	1.217198e+01	1.042108e+01	1.237664e+01	1.403779e+01	1.105190e+01
12900	5.374376e+00	7.439248e+00	9.455504e+00	1.129327e+01	1.284395e+01	1.402495e+01	1.478583e+01	8.471843e+00	9.906955e+00	1.097234e+01	1.171764e+01	1.218731e+01	1.049631e+01	1.245393e+01	1.410823e+01	1.109951e+01
13000	5.419466e+00	7.499252e+00	9.524977e+00	1.136414e+01	1.290687e+01	1.407080e+01	1.480731e+01	8.514961e+00	9.948283e+00	1.100775e+01	1.174383e+01	1.220190e+01	1.057075e+01	1.253004e+01	1.417699e+01	1.114659e+01
13100	5.464382e+00	7.558855e+00	9.593700e+00	1.143380e+01	1.296802e+01	1.411434e+01	1.482608e+01	8.557522e+00	9.988971e+00	1.104249e+01	1.176930e+01	1.221570e+01	1.064442e+01	1.260496e+01	1.424406e+01	1.119309e+01
13200	5.509196e+00	7.618125e+00	9.661727e+00	1.150229e+01	1.302745e+01	1.415565e+01	1.484224e+01	8.599560e+00	1.002902e+01	1.107652e+01	1.179401e+01	1.222870e+01	1.071738e+01	1.267874e+01	1.430950e+01	1.123899e+01
13300	5.553980e+00	7.677128e+00	9.729117e+00	1.156968e+01	1.308527e+01	1.419486e+01	1.485597e+01	8.641110e+00	1.006843e+01	1.110982e+01	1.181794e+01	1.224086e+01	1.078967e+01	1.275143e+01	1.437336e+01	1.128424e+01
13400	5.598806e+00	7.735930e+00	9.795931e+00	1.163602e+01	1.314156e+01	1.423212e+01	1.486746e+01	8.682206e+00	1.010720e+01	1.114237e+01	1.184106e+01	1.225218e+01	1.086134e+01	1.282306e+01	1.443571e+01	1.132880e+01
13500	5.643746e+00	7.794599e+00	9.862228e+00	1.170140e+01	1.319642e+01	1.426755e+01	1.487690e+01	8.722884e+00	1.014533e+01	1.117415e+01	1.186333e+01	1.226263e+01	1.093242e+01	1.289368e+01	1.449660e+01	1.137262e+01
13600	5.688872e+00	7.853203e+00	9.928067e+00	1.176587e+01	1.324993e+01	1.430128e+01	1.488446e+01	8.763178e+00	1.018282e+01	1.120514e+01	1.188474e+01	1.227220e+01	1.100298e+01	1.296333e+01	1.455609e+01	1.141568e+01
13700	5.734257e+00	7.911807e+00	9.993508e+00	1.182950e+01	1.330220e+01	1.433346e+01	1.489032e+01	8.803122e+00	1.021968e+01	1.123531e+01	1.190526e+01	1.228087e+01	1.107306e+01	1.303205e+01	1.461424e+01	1.145793e+01
13800	5.779939e+00	7.970449e+00	1.005859e+01	1.189234e+01	1.335328e+01	1.436420e+01	1.489467e+01	8.842714e+00	1.025588e+01	1.126464e+01	1.192486e+01	1.228861e+01	1.114268e+01	1.309988e+01	1.467110e+01	1.149932e+01
13900	5.825916e+00	8.029131e+00	1.012331e+01	1.195439e+01	1.340321e+01	1.439353e+01	1.489753e+01	8.881930e+00	1.029140e+01	1.129310e+01	1.194351e+01	1.229542e+01	1.121185e+01	1.316683e+01	1.472669e+01	1.153982e+01
14000	5.872178e+00	8.087851e+00	1.018769e+01	1.201566e+01	1.345197e+01	1.442145e+01	1.489893e+01	8.920755e+00	1.032623e+01	1.132068e+01	1.196120e+01	1.230126e+01	1.128057e+01	1.323288e+01	1.478100e+01	1.157943e+01
14100	5.918718e+00	8.146609e+00	1.025171e+01	1.207615e+01	1.349957e+01	1.444795e+01	1.489885e+01	8.959181e+00	1.036037e+01	1.134738e+01	1.197792e+01	1.230614e+01	1.134884e+01	1.329805e+01	1.483403e+01	1.161813e+01
14200	5.965529e+00	8.205401e+00	1.031538e+01	1.213585e+01	1.354599e+01	1.447302e+01	1.489729e+01	8.997208e+00	1.039384e+01	1.137321e+01	1.199369e+01	1.231008e+01	1.141667e+01	1.336233e+01	1.488577e+01	1.165596e+01
14300	6.012605e+00	8.264227e+00	1.037869e+01	1.219475e+01	1.359123e+01	1.449666e+01	1.489424e+01	9.034841e+00	1.042664e+01	1.139822e+01	1.200856e+01	1.231310e+01	1.148405e+01	1.342574e+01	1.493624e+01	1.169296e+01
14400	6.059923e+00	8.323063e+00	1.044163e+01	1.225284e+01	1.363525e+01	1.451883e+01	1.488969e+01	9.072091e+00	1.045882e+01	1.142242e+01	1.202254e+01	1.231524e+01	1.155099e+01	1.348825e+01	1.498542e+01	1.172916e+01
14500	6.107452e+00	8.381879e+00	1.050417e+01	1.231008e+01	1.367804e+01	1.453953e+01	1.488362e+01	9.108976e+00	1.049038e+01	1.144585e+01	1.203567e+01	1.231652e+01	1.161746e+01	1.354985e+01	1.503330e+01	1.176459e+01
14600	6.155161e+00	8.440645e+00	1.056627e+01	1.236645e+01	1.371958e+01	1.455873e+01	1.487602e+01	9.145512e+00	1.052138e+01	1.146854e+01	1.204798e+01	1.231698e+01	1.168345e+01	1.361054e+01	1.507987e+01	1.179931e+01
14700	6.203020e+00	8.499330e+00	1.062792e+01	1.242194e+01	1.375984e+01	1.457642e+01	1.486689e+01	9.181717e+00	1.055182e+01	1.149053e+01	1.205950e+01	1.231663e+01	1.174895e+01	1.367031e+01	1.512512e+01	1.183334e+01
14800	6.250998e+00	8.557902e+00	1.068907e+01	1.247650e+01	1.379881e+01	1.459258e+01	1.485620e+01	9.217608e+00	1.058175e+01	1.151186e+01	1.207027e+01	1.231551e+01	1.181392e+01	1.372913e+01	1.516905e+01	1.186672e+01
14900	6.299063e+00	8.616331e+00	1.074972e+01	1.253013e+01	1.383645e+01	1.460718e+01	1.484395e+01	9.253200e+00	1.061119e+01	1.153254e+01	1.208032e+01	1.231365e+01	1.187837e+01	1.378700e+01	1.521164e+01	1.189951e+01
15000	6.347185e+00	8.674585e+00	1.080982e+01	1.258278e+01	1.387273e+01	1.462019e+01	1.483009e+01	9.288512e+00	1.064017e+01	1.155262e+01	1.208967e+01	1.231107e+01	1.194227e+01	1.384390e+01	1.525288e+01	1.193172e+01
15100	6.395333e+00	8.732634e+00	1.086935e+01	1.263443e+01	1.390763e+01	1.463159e+01	1.481460e+01	9.323560e+00	1.066871e+01	1.157213e+01	1.209837e+01	1.230780e+01	1.200560e+01	1.389981e+01	1.529275e+01	1.196341e+01
15200	6.443476e+00	8.790445e+00	1.092828e+01	1.268505e+01	1.394112e+01	1.464134e+01	1.479744e+01	9.358360e+00	1.069686e+01	1.159110e+01	1.210642e+01	1.230385e+01	1.206834e+01	1.395473e+01	1.533124e+01	1.199461e+01
15300	6.491583e+00	8.847988e+00	1.098657e+01	1.273462e+01	1.397316e+01	1.464940e+01	1.477857e+01	9.392930e+00	1.072463e+01	1.160956e+01	1.211388e+01	1.229927e+01	1.213049e+01	1.400863e+01	1.536833e+01	1.202536e+01
15400	6.539623e+00	8.905231e+00	1.104421e+01	1.278310e+01	1.400373e+01	1.465575e+01	1.475797e+01	9.427286e+00	1.075205e+01	1.162755e+01	1.212076e+01	1.229406e+01	1.219202e+01	1.406151e+01	1.540401e+01	1.205570e+01
15500	6.587566e+00	8.962143e+00	1.110116e+01	1.283046e+01	1.403280e+01	1.466034e+01	1.473560e+01	9.461447e+00	1.077916e+01	1.164509e+01	1.212710e+01	1.228826e+01	1.225291e+01	1.411334e+01	1.543826e+01	1.208567e+01
15600	6.635394e+00	9.018699e+00	1.115739e+01	1.287668e+01	1.406033e+01	1.466317e+01	1.471144e+01	9.495445e+00	1.080598e+01	1.166223e+01	1.213293e+01	1.228189e+01	1.231314e+01	1.416410e+01	1.547107e+01	1.211530e+01
15700	6.683095e+00	9.074879e+00	1.121287e+01	1.292172e+01	1.408631e+01	1.466424e+01	1.468555e+01	9.529321e+00	1.083257e+01	1.167901e+01	1.213829e+01	1.227500e+01	1.237271e+01	1.421378e+01	1.550242e+01	1.214463e+01
15800	6.730662e+00	9.130669e+00	1.126759e+01	1.296558e+01	1.411075e+01	1.466359e+01	1.465798e+01	9.563114e+00	1.085897e+01	1.169546e+01	1.214323e+01	1.226763e+01	1.243159e+01	1.426237e+01	1.553233e+01	1.217370e+01
15900	6.778082e+00	9.186058e+00	1.132154e+01	1.300826e+01	1.413368e+01	1.466127e+01	1.462882e+01	9.596860e+00	1.088522e+01	1.171164e+01	1.214778e+01	1.225982e+01	1.248979e+01	1.430988e+01	1.556082e+01	1.220251e+01
16000	6.825348e+00	9.241051e+00	1.137475e+01	1.304982e+01	1.415518e+01	1.465741e+01	1.459821e+01	9.630584e+00	1.091134e+01	1.172755e+01	1.215196e+01	1.225160e+01	1.254733e+01	1.435635e+01	1.558796e+01	1.223109e+01
16100	6.872452e+00	9.295655e+00	1.142725e+01	1.309032e+01	1.417536e+01	1.465213e+01	1.456632e+01	9.664314e+00	1.093737e+01	1.174323e+01	1.215580e+01	1.224299e+01	1.260423e+01	1.440183e+01	1.561382e+01	1.225942e+01
16200	6.919385e+00	9.349871e+00	1.147906e+01	1.312981e+01	1.419431e+01	1.464555e+01	1.453329e+01	9.698042e+00	1.096330e+01	1.175869e+01	1.215930e+01	1.223400e+01	1.266051e+01	1.444636e+01	1.563847e+01	1.228749e+01
16300	6.966129e+00	9.403697e+00	1.153020e+01	1.316835e+01	1.421210e+01	1.463780e+01	1.449925e+01	9.731723e+00	1.098910e+01	1.177389e+01	1.216246e+01	1.222464e+01	1.271618e+01	1.448998e+01	1.566197e+01	1.231525e+01
16400	7.012672e+00	9.457132e+00	1.158070e+01	1.320600e+01	1.422884e+01	1.462900e+01	1.446433e+01	9.765309e+00	1.101474e+01	1.178882e+01	1.216526e+01	1.221491e+01	1.277123e+01	1.453271e+01	1.568438e+01	1.234268e+01
16500	7.058997e+00	9.510171e+00	1.163058e+01	1.324279e+01	1.424460e+01	1.461924e+01	1.442866e+01	9.798750e+00	1.104017e+01	1.180346e+01	1.216771e+01	1.220481e+01	1.282568e+01	1.457458e+01	1.570576e+01	1.236971e+01
16600	7.105088e+00	9.562807e+00	1.167984e+01	1.327877e+01	1.425943e+01	1.460861e+01	1.439234e+01	9.831997e+00	1.106535e+01	1.181777e+01	1.216977e+01	1.219435e+01	1.287952e+01	1.461561e+01	1.572616e+01	1.239632e+01
16700	7.150925e+00	9.615023e+00	1.172848e+01	1.331393e+01	1.427334e+01	1.459711e+01	1.435536e+01	9.865000e+00	1.109025e+01	1.183173e+01	1.217144e+01	1.218350e+01	1.293273e+01	1.465580e+01	1.574555e+01	1.242248e+01
16800	7.196487e+00	9.666801e+00	1.177647e+01	1.334826e+01	1.428633e+01	1.458475e+01	1.431774e+01	9.897707e+00	1.111482e+01	1.184531e+01	1.217270e+01	1.217226e+01	1.298529e+01	1.469512e+01	1.576396e+01	1.244814e+01
16900	7.241755e+00	9.718124e+00	1.182382e+01	1.338175e+01	1.429839e+01	1.457152e+01	1.427947e+01	9.930069e+00	1.113902e+01	1.185848e+01	1.217352e+01	1.216062e+01	1.303718e+01	1.473357e+01	1.578136e+01	1.247329e+01
17000	7.286709e+00	9.768975e+00	1.187050e+01	1.341441e+01	1.430952e+01	1.455743e+01	1.424058e+01	9.962035e+00	1.116280e+01	1.187120e+01	1.217388e+01	1.214855e+01	1.308839e+01	1.477114e+01	1.579776e+01	1.249788e+01
17100	7.331329e+00	9.819337e+00	1.191651e+01	1.344622e+01	1.431973e+01	1.454249e+01	1.420106e+01	9.993554e+00	1.118614e+01	1.188345e+01	1.217377e+01	1.213607e+01	1.313889e+01	1.480782e+01	1.581315e+01	1.252189e+01
17200	7.375595e+00	9.869192e+00	1.196184e+01	1.347717e+01	1.432901e+01	1.452669e+01	1.416092e+01	1.002458e+01	1.120898e+01	1.189519e+01	1.217317e+01	1.212314e+01	1.318867e+01	1.484359e+01	1.582754e+01	1.254529e+01
17300	7.419487e+00	9.918524e+00	1.200646e+01	1.350726e+01	1.433735e+01	1.451005e+01	1.412017e+01	1.005505e+01	1.123129e+01	1.190640e+01	1.217204e+01	1.210976e+01	1.323771e+01	1.487845e+01	1.584091e+01	1.256804e+01
17400	7.462985e+00	9.967315e+00	1.205038e+01	1.353649e+01	1.434477e+01	1.449255e+01	1.407882e+01	1.008492e+01	1.125302e+01	1.191705e+01	1.217038e+01	1.209592e+01	1.328598e+01	1.491238e+01	1.585327e+01	1.259010e+01
17500	7.506072e+00	1.001555e+01	1.209358e+01	1.356485e+01	1.435125e+01	1.447421e+01	1.403686e+01	1.011415e+01	1.127413e+01	1.192710e+01	1.216816e+01	1.208160e+01	1.333348e+01	1.494538e+01	1.586461e+01	1.261147e+01
17600	7.548743e+00	1.006322e+01	1.213605e+01	1.359233e+01	1.435679e+01	1.445503e+01	1.399431e+01	1.014272e+01	1.129462e+01	1.193656e+01	1.216539e+01	1.206681e+01	1.338019e+01	1.497743e+01	1.587493e+01	1.263212e+01
17700	7.590996e+00	1.011032e+01	1.217778e+01	1.361891e+01	1.436138e+01	1.443497e+01	1.395114e+01	1.017061e+01	1.131446e+01	1.194541e+01	1.216207e+01	1.205155e+01	1.342610e+01	1.500853e+01	1.588422e+01	1.265207e+01
17800	7.632827e+00	1.015685e+01	1.221876e+01	1.364458e+01	1.436498e+01	1.441403e+01	1.390732e+01	1.019781e+01	1.133367e+01	1.195366e+01	1.215819e+01	1.203583e+01	1.347120e+01	1.503867e+01	1.589247e+01	1.267132e+01
17900	7.674240e+00	1.020279e+01	1.225897e+01	1.366933e+01	1.436759e+01	1.439219e+01	1.386285e+01	1.022432e+01	1.135222e+01	1.196130e+01	1.215376e+01	1.201964e+01	1.351549e+01	1.506783e+01	1.589967e+01	1.268989e+01
18000	7.715248e+00	1.024816e+01	1.229841e+01	1.369312e+01	1.436919e+01	1.436941e+01	1.381770e+01	1.025013e+01	1.137011e+01	1.196833e+01	1.214877e+01	1.200300e+01	1.355896e+01	1.509601e+01	1.590581e+01	1.270777e+01
18100	7.755864e+00	1.029294e+01	1.233707e+01	1.371596e+01	1.436976e+01	1.434570e+01	1.377186e+01	1.027525e+01	1.138735e+01	1.197476e+01	1.214324e+01	1.198589e+01	1.360160e+01	1.512320e+01	1.591088e+01	1.272498e+01
18200	7.796102e+00	1.033716e+01	1.237494e+01	1.373783e+01	1.436928e+01	1.432103e+01	1.372531e+01	1.029968e+01	1.140392e+01	1.198057e+01	1.213716e+01	1.196833e+01	1.364341e+01	1.514938e+01	1.591488e+01	1.274153e+01
18300	7.835980e+00	1.038080e+01	1.241202e+01	1.375871e+01	1.436774e+01	1.429538e+01	1.367803e+01	1.032343e+01	1.141985e+01	1.198578e+01	1.213054e+01	1.195033e+01	1.368438e+01	1.517456e+01	1.591779e+01	1.275743e+01
18400	7.875516e+00	1.042388e+01	1.244830e+01	1.377860e+01	1.436512e+01	1.426874e+01	1.363002e+01	1.034653e+01	1.143515e+01	1.199041e+01	1.212340e+01	1.193189e+01	1.372454e+01	1.519873e+01	1.591962e+01	1.277270e+01
18500	7.914731e+00	1.046642e+01	1.248378e+01	1.379748e+01	1.436141e+01	1.424110e+01	1.358125e+01	1.036901e+01	1.144985e+01	1.199446e+01	1.211574e+01	1.191303e+01	1.376387e+01	1.522189e+01	1.592036e+01	1.278738e+01
18600	7.953644e+00	1.050841e+01	1.251845e+01	1.381534e+01	1.435659e+01	1.421244e+01	1.353173e+01	1.039089e+01	1.146395e+01	1.199796e+01	1.210757e+01	1.189374e+01	1.380238e+01	1.524404e+01	1.592000e+01	1.280147e+01
18700	7.992275e+00	1.054987e+01	1.255233e+01	1.383219e+01	1.435067e+01	1.418276e+01	1.348146e+01	1.041221e+01	1.147748e+01	1.200092e+01	1.209892e+01	1.187406e+01	1.384008e+01	1.526518e+01	1.591856e+01	1.281501e+01
18800	8.030645e+00	1.059082e+01	1.258543e+01	1.384804e+01	1.434368e+01	1.415211e+01	1.343049e+01	1.043299e+01	1.149048e+01	1.200337e+01	1.208981e+01	1.185401e+01	1.387698e+01	1.528533e+01	1.591605e+01	1.282801e+01
18900	8.068778e+00	1.063128e+01	1.261776e+01	1.386292e+01	1.433565e+01	1.412056e+01	1.337889e+01	1.045326e+01	1.150295e+01	1.200533e+01	1.208027e+01	1.183362e+01	1.391311e+01	1.530452e+01	1.591253e+01	1.284050e+01
19000	8.106695e+00	1.067125e+01	1.264934e+01	1.387686e+01	1.432664e+01	1.408814e+01	1.332672e+01	1.047305e+01	1.151494e+01	1.200682e+01	1.207032e+01	1.181292e+01	1.394849e+01	1.532277e+01	1.590802e+01	1.285250e+01
19100	8.144420e+00	1.071077e+01	1.268019e+01	1.388987e+01	1.431665e+01	1.405488e+01	1.327400e+01	1.049239e+01	1.152646e+01	1.200788e+01	1.205998e+01	1.179192e+01	1.398312e+01	1.534010e+01	1.590254e+01	1.286403e+01
19200	8.181973e+00	1.074984e+01	1.271032e+01	1.390198e+01	1.430573e+01	1.402084e+01	1.322078e+01	1.051131e+01	1.153754e+01	1.200852e+01	1.204929e+01	1.177065e+01	1.401703e+01	1.535653e+01	1.589613e+01	1.287511e+01
19300	8.219377e+00	1.078848e+01	1.273974e+01	1.391321e+01	1.429391e+01	1.398605e+01	1.316711e+01	1.052983e+01	1.154820e+01	1.200878e+01	1.203826e+01	1.174913e+01	1.405023e+01	1.537208e+01	1.588881e+01	1.288575e+01
19400	8.256655e+00	1.082672e+01	1.276849e+01	1.392358e+01	1.428122e+01	1.395055e+01	1.311302e+01	1.054799e+01	1.155848e+01	1.200866e+01	1.202691e+01	1.172739e+01	1.408275e+01	1.538677e+01	1.588061e+01	1.289599e+01
19500	8.293829e+00	1.086456e+01	1.279656e+01	1.393311e+01	1.426769e+01	1.391438e+01	1.305856e+01	1.056582e+01	1.156838e+01	1.200820e+01	1.201528e+01	1.170544e+01	1.411460e+01	1.540062e+01	1.587156e+01	1.290583e+01
19600	8.330921e+00	1.090203e+01	1.282399e+01	1.394183e+01	1.425336e+01	1.387758e+01	1.300376e+01	1.058334e+01	1.157795e+01	1.200742e+01	1.200338e+01	1.168331e+01	1.414579e+01	1.541366e+01	1.586168e+01	1.291530e+01
19700	8.367954e+00	1.093915e+01	1.285077e+01	1.394975e+01	1.423825e+01	1.384019e+01	1.294867e+01	1.060058e+01	1.158720e+01	1.200634e+01	1.199124e+01	1.166101e+01	1.417634e+01	1.542589e+01	1.585101e+01	1.292442e+01
19800	8.404949e+00	1.097593e+01	1.287695e+01	1.395692e+01	1.422242e+01	1.380227e+01	1.289335e+01	1.061758e+01	1.159616e+01	1.200498e+01	1.197888e+01	1.163858e+01	1.420629e+01	1.543737e+01	1.583958e+01	1.293320e+01
19900	8.441927e+00	1.101240e+01	1.290257e+01	1.396341e+01	1.420594e+01	1.376389e+01	1.283786e+01	1.063435e+01	1.160483e+01	1.200336e+01	1.196630e+01	1.161601e+01	1.423566e+01	1.544813e+01	1.582745e+01	1.294162e+01
20000	8.478906e+00	1.104860e+01	1.292766e+01	1.396925e+01	1.418888e+01	1.372513e+01	1.278227e+01	1.065092e+01	1.161324e+01	1.200148e+01	1.195351e+01	1.159332e+01	1.426449e+01	1.545822e+01	1.581468e+01	1.294970e+01
20100	8.515902e+00	1.108454e+01	1.295227e+01	1.397451e+01	1.417131e+01	1.368606e+01	1.272665e+01	1.066731e+01	1.162140e+01	1.199935e+01	1.194052e+01	1.157051e+01	1.429281e+01	1.546767e+01	1.580131e+01	1.295741e+01
20200	8.552920e+00	1.112024e+01	1.297641e+01	1.397924e+01	1.415328e+01	1.364675e+01	1.267106e+01	1.068354e+01	1.162932e+01	1.199697e+01	1.192735e+01	1.154760e+01	1.432063e+01	1.547653e+01	1.578740e+01	1.296475e+01
20300	8.589952e+00	1.115569e+01	1.300010e+01	1.398344e+01	1.413481e+01	1.360721e+01	1.261551e+01	1.069961e+01	1.163699e+01	1.199435e+01	1.191398e+01	1.152458e+01	1.434796e+01	1.548480e+01	1.577295e+01	1.297172e+01
20400	8.626984e+00	1.119088e+01	1.302332e+01	1.398711e+01	1.411590e+01	1.356744e+01	1.256000e+01	1.071552e+01	1.164442e+01	1.199149e+01	1.190042e+01	1.150145e+01	1.437480e+01	1.549247e+01	1.575796e+01	1.297831e+01
20500	8.664004e+00	1.122581e+01	1.304607e+01	1.399024e+01	1.409656e+01	1.352744e+01	1.250453e+01	1.073127e+01	1.165161e+01	1.198838e+01	1.188666e+01	1.147821e+01	1.440115e+01	1.549956e+01	1.574245e+01	1.298454e+01
20600	8.701001e+00	1.126046e+01	1.306835e+01	1.399284e+01	1.407678e+01	1.348722e+01	1.244912e+01	1.074688e+01	1.165856e+01	1.198502e+01	1.187272e+01	1.145486e+01	1.442699e+01	1.550606e+01	1.572641e+01	1.299040e+01
20700	8.737967e+00	1.129484e+01	1.309016e+01	1.399492e+01	1.405656e+01	1.344680e+01	1.239376e+01	1.076234e+01	1.166528e+01	1.198142e+01	1.185858e+01	1.143141e+01	1.445234e+01	1.551198e+01	1.570986e+01	1.299589e+01
20800	8.774894e+00	1.132894e+01	1.311150e+01	1.399646e+01	1.403592e+01	1.340616e+01	1.233848e+01	1.077766e+01	1.167176e+01	1.197758e+01	1.184424e+01	1.140786e+01	1.447719e+01	1.551732e+01	1.569279e+01	1.300101e+01
20900	8.811772e+00	1.136275e+01	1.313236e+01	1.399748e+01	1.401487e+01	1.336533e+01	1.228327e+01	1.079284e+01	1.167801e+01	1.197349e+01	1.182972e+01	1.138420e+01	1.450155e+01	1.552208e+01	1.567522e+01	1.300577e+01
21000	8.848593e+00	1.139627e+01	1.315274e+01	1.399797e+01	1.399339e+01	1.332431e+01	1.222814e+01	1.080789e+01	1.168404e+01	1.196917e+01	1.181500e+01	1.136045e+01	1.452541e+01	1.552627e+01	1.565715e+01	1.301017e+01
21100	8.885348e+00	1.142950e+01	1.317265e+01	1.399794e+01	1.397150e+01	1.328311e+01	1.217311e+01	1.082281e+01	1.168983e+01	1.196459e+01	1.180009e+01	1.133659e+01	1.454877e+01	1.552988e+01	1.563859e+01	1.301420e+01
21200	8.922029e+00	1.146243e+01	1.319208e+01	1.399738e+01	1.394919e+01	1.324171e+01	1.211816e+01	1.083761e+01	1.169541e+01	1.195978e+01	1.178499e+01	1.131264e+01	1.457163e+01	1.553292e+01	1.561953e+01	1.301787e+01
21300	8.958626e+00	1.149505e+01	1.321103e+01	1.399629e+01	1.392645e+01	1.320011e+01	1.206329e+01	1.085229e+01	1.170076e+01	1.195471e+01	1.176970e+01	1.128859e+01	1.459399e+01	1.553539e+01	1.559998e+01	1.302118e+01
21400	8.995130e+00	1.152736e+01	1.322948e+01	1.399466e+01	1.390328e+01	1.315830e+01	1.200850e+01	1.086685e+01	1.170588e+01	1.194940e+01	1.175420e+01	1.126444e+01	1.461585e+01	1.553728e+01	1.557993e+01	1.302414e+01
21500	9.031531e+00	1.155936e+01	1.324743e+01	1.399248e+01	1.387967e+01	1.311629e+01	1.195378e+01	1.088130e+01	1.171079e+01	1.194384e+01	1.173851e+01	1.124019e+01	1.463720e+01	1.553859e+01	1.555939e+01	1.302674e+01
21600	9.067821e+00	1.159103e+01	1.326488e+01	1.398975e+01	1.385563e+01	1.307407e+01	1.189913e+01	1.089564e+01	1.171547e+01	1.193804e+01	1.172262e+01	1.121584e+01	1.465805e+01	1.553932e+01	1.553835e+01	1.302899e+01
21700	9.103991e+00	1.162236e+01	1.328183e+01	1.398648e+01	1.383114e+01	1.303164e+01	1.184456e+01	1.090988e+01	1.171994e+01	1.193198e+01	1.170653e+01	1.119139e+01	1.467838e+01	1.553947e+01	1.551682e+01	1.303090e+01
21800	9.140031e+00	1.165337e+01	1.329827e+01	1.398264e+01	1.380620e+01	1.298899e+01	1.179007e+01	1.092402e+01	1.172420e+01	1.192567e+01	1.169024e+01	1.116685e+01	1.469820e+01	1.553904e+01	1.549479e+01	1.303246e+01
21900	9.175932e+00	1.168403e+01	1.331420e+01	1.397824e+01	1.378081e+01	1.294613e+01	1.173565e+01	1.093806e+01	1.172824e+01	1.191911e+01	1.167374e+01	1.114221e+01	1.471750e+01	1.553803e+01	1.547228e+01	1.303368e+01
22000	9.211686e+00	1.171434e+01	1.332961e+01	1.397328e+01	1.375496e+01	1.290304e+01	1.168131e+01	1.095202e+01	1.173206e+01	1.191230e+01	1.165705e+01	1.111749e+01	1.473628e+01	1.553644e+01	1.544927e+01	1.303456e+01
22100	9.247282e+00	1.174430e+01	1.334449e+01	1.396774e+01	1.372865e+01	1.285973e+01	1.162704e+01	1.096588e+01	1.173568e+01	1.190524e+01	1.164015e+01	1.109267e+01	1.475455e+01	1.553426e+01	1.542578e+01	1.303510e+01
22200	9.282712e+00	1.177390e+01	1.335884e+01	1.396164e+01	1.370187e+01	1.281620e+01	1.157284e+01	1.097966e+01	1.173908e+01	1.189792e+01	1.162304e+01	1.106776e+01	1.477229e+01	1.553150e+01	1.540180e+01	1.303531e+01
22300	9.317967e+00	1.180313e+01	1.337267e+01	1.395495e+01	1.367463e+01	1.277244e+01	1.151872e+01	1.099336e+01	1.174227e+01	1.189035e+01	1.160573e+01	1.104277e+01	1.478951e+01	1.552816e+01	1.537732e+01	1.303519e+01
22400	9.353032e+00	1.183198e+01	1.338595e+01	1.394767e+01	1.364691e+01	1.272844e+01	1.146467e+01	1.100696e+01	1.174525e+01	1.188251e+01	1.158822e+01	1.101768e+01	1.480620e+01	1.552422e+01	1.535236e+01	1.303473e+01
22500	9.387894e+00	1.186045e+01	1.339868e+01	1.393979e+01	1.361869e+01	1.268418e+01	1.141065e+01	1.102044e+01	1.174799e+01	1.187441e+01	1.157048e+01	1.099250e+01	1.482234e+01	1.551968e+01	1.532689e+01	1.303394e+01
22600	9.422539e+00	1.188852e+01	1.341084e+01	1.393129e+01	1.358995e+01	1.263963e+01	1.135665e+01	1.103381e+01	1.175051e+01	1.186604e+01	1.155254e+01	1.096722e+01	1.483793e+01	1.551453e+01	1.530091e+01	1.303283e+01
22700	9.456956e+00	1.191617e+01	1.342243e+01	1.392216e+01	1.356068e+01	1.259478e+01	1.130264e+01	1.104704e+01	1.175279e+01	1.185740e+01	1.153437e+01	1.094182e+01	1.485296e+01	1.550876e+01	1.527440e+01	1.303140e+01
22800	9.491134e+00	1.194341e+01	1.343343e+01	1.391240e+01	1.353087e+01	1.254961e+01	1.124859e+01	1.106014e+01	1.175484e+01	1.184850e+01	1.151598e+01	1.091631e+01	1.486743e+01	1.550237e+01	1.524735e+01	1.302966e+01
22900	9.525074e+00	1.197023e+01	1.344386e+01	1.390201e+01	1.350053e+01	1.250413e+01	1.119453e+01	1.107309e+01	1.175666e+01	1.183933e+01	1.149737e+01	1.089070e+01	1.488134e+01	1.549536e+01	1.521979e+01	1.302760e+01
23000	9.558772e+00	1.199664e+01	1.345373e+01	1.389102e+01	1.346969e+01	1.245837e+01	1.114046e+01	1.108590e+01	1.175825e+01	1.182992e+01	1.147857e+01	1.086498e+01	1.489470e+01	1.548776e+01	1.519173e+01	1.302524e+01
23100	9.592229e+00	1.202264e+01	1.346305e+01	1.387945e+01	1.343837e+01	1.241235e+01	1.108639e+01	1.109857e+01	1.175963e+01	1.182026e+01	1.145957e+01	1.083917e+01	1.490752e+01	1.547959e+01	1.516319e+01	1.302257e+01
23200	9.625443e+00	1.204824e+01	1.347184e+01	1.386731e+01	1.340660e+01	1.236609e+01	1.103234e+01	1.111110e+01	1.176078e+01	1.181037e+01	1.144038e+01	1.081328e+01	1.491981e+01	1.547085e+01	1.513418e+01	1.301961e+01
23300	9.658412e+00	1.207343e+01	1.348010e+01	1.385463e+01	1.337439e+01	1.231960e+01	1.097833e+01	1.112347e+01	1.176173e+01	1.180025e+01	1.142102e+01	1.078730e+01	1.493158e+01	1.546156e+01	1.510473e+01	1.301636e+01
23400	9.691131e+00	1.209823e+01	1.348785e+01	1.384142e+01	1.334176e+01	1.227290e+01	1.092435e+01	1.113569e+01	1.176247e+01	1.178991e+01	1.140149e+01	1.076125e+01	1.494283e+01	1.545173e+01	1.507486e+01	1.301282e+01
23500	9.723598e+00	1.212263e+01	1.349509e+01	1.382771e+01	1.330874e+01	1.222602e+01	1.087043e+01	1.114775e+01	1.176300e+01	1.177937e+01	1.138180e+01	1.073513e+01	1.495358e+01	1.544138e+01	1.504457e+01	1.300900e+01
23600	9.755810e+00	1.214664e+01	1.350183e+01	1.381350e+01	1.327535e+01	1.217896e+01	1.081657e+01	1.115966e+01	1.176334e+01	1.176862e+01	1.136195e+01	1.070894e+01	1.496382e+01	1.543053e+01	1.501389e+01	1.300490e+01
23700	9.787764e+00	1.217025e+01	1.350809e+01	1.379881e+01	1.324160e+01	1.213176e+01	1.076278e+01	1.117140e+01	1.176347e+01	1.175768e+01	1.134197e+01	1.068270e+01	1.497357e+01	1.541919e+01	1.498283e+01	1.300052e+01
23800	9.819456e+00	1.219347e+01	1.351388e+01	1.378367e+01	1.320753e+01	1.208442e+01	1.070907e+01	1.118297e+01	1.176341e+01	1.174655e+01	1.132184e+01	1.065640e+01	1.498284e+01	1.540737e+01	1.495142e+01	1.299588e+01
23900	9.850884e+00	1.221630e+01	1.351920e+01	1.376809e+01	1.317315e+01	1.203698e+01	1.065546e+01	1.119436e+01	1.176316e+01	1.173524e+01	1.130159e+01	1.063005e+01	1.499163e+01	1.539508e+01	1.491966e+01	1.299096e+01
24000	9.882044e+00	1.223874e+01	1.352407e+01	1.375209e+01	1.313848e+01	1.198943e+01	1.060196e+01	1.120559e+01	1.176273e+01	1.172375e+01	1.128121e+01	1.060365e+01	1.499995e+01	1.538235e+01	1.488757e+01	1.298578e+01
24100	9.912934e+00	1.226080e+01	1.352849e+01	1.373569e+01	1.310355e+01	1.194182e+01	1.054858e+01	1.121663e+01	1.176210e+01	1.171211e+01	1.126072e+01	1.057721e+01	1.500781e+01	1.536918e+01	1.485518e+01	1.298034e+01
24200	9.943550e+00	1.228247e+01	1.353248e+01	1.371891e+01	1.306837e+01	1.189415e+01	1.049534e+01	1.122749e+01	1.176130e+01	1.170030e+01	1.124013e+01	1.055074e+01	1.501521e+01	1.535560e+01	1.482250e+01	1.297463e+01
24300	9.973889e+00	1.230376e+01	1.353605e+01	1.370177e+01	1.303298e+01	1.184646e+01	1.044225e+01	1.123816e+01	1.176032e+01	1.168835e+01	1.121945e+01	1.052426e+01	1.502217e+01	1.534161e+01	1.478956e+01	1.296868e+01
24400	1.000395e+01	1.232467e+01	1.353921e+01	1.368428e+01	1.299741e+01	1.179877e+01	1.038935e+01	1.124864e+01	1.175917e+01	1.167626e+01	1.119868e+01	1.049775e+01	1.502869e+01	1.532723e+01	1.475636e+01	1.296247e+01
24500	1.003372e+01	1.234521e+01	1.354197e+01	1.366647e+01	1.296166e+01	1.175110e+01	1.033665e+01	1.125893e+01	1.175784e+01	1.166403e+01	1.117783e+01	1.047125e+01	1.503478e+01	1.531249e+01	1.472294e+01	1.295603e+01
24600	1.006321e+01	1.236537e+01	1.354435e+01	1.364836e+01	1.292577e+01	1.170349e+01	1.028417e+01	1.126902e+01	1.175635e+01	1.165169e+01	1.115693e+01	1.044475e+01	1.504044e+01	1.529738e+01	1.468931e+01	1.294934e+01
24700	1.009241e+01	1.238515e+01	1.354634e+01	1.362996e+01	1.288977e+01	1.165595e+01	1.023193e+01	1.127890e+01	1.175470e+01	1.163922e+01	1.113597e+01	1.041826e+01	1.504570e+01	1.528194e+01	1.465550e+01	1.294241e+01
24800	1.012132e+01	1.240457e+01	1.354796e+01	1.361129e+01	1.285368e+01	1.160850e+01	1.017994e+01	1.128858e+01	1.175289e+01	1.162666e+01	1.111497e+01	1.039180e+01	1.505055e+01	1.526617e+01	1.462151e+01	1.293526e+01
24900	1.014994e+01	1.242361e+01	1.354923e+01	1.359239e+01	1.281751e+01	1.156118e+01	1.012824e+01	1.129806e+01	1.175092e+01	1.161399e+01	1.109393e+01	1.036537e+01	1.505500e+01	1.525010e+01	1.458738e+01	1.292787e+01
25000	1.017825e+01	1.244229e+01	1.355016e+01	1.357325e+01	1.278131e+01	1.151400e+01	1.007684e+01	1.130732e+01	1.174880e+01	1.160124e+01	1.107288e+01	1.033898e+01	1.505906e+01	1.523373e+01	1.455312e+01	1.292027e+01
25100	1.020627e+01	1.246061e+01	1.355075e+01	1.355391e+01	1.274508e+01	1.146700e+01	1.002576e+01	1.131636e+01	1.174653e+01	1.158841e+01	1.105181e+01	1.031264e+01	1.506274e+01	1.521708e+01	1.451876e+01	1.291244e+01
25200	1.023397e+01	1.247855e+01	1.355100e+01	1.353437e+01	1.270884e+01	1.142017e+01	9.975005e+00	1.132518e+01	1.174412e+01	1.157550e+01	1.103073e+01	1.028637e+01	1.506603e+01	1.520016e+01	1.448429e+01	1.290441e+01
25300	1.026137e+01	1.249612e+01	1.355091e+01	1.351462e+01	1.267260e+01	1.137353e+01	9.924587e+00	1.133379e+01	1.174157e+01	1.156252e+01	1.100965e+01	1.026015e+01	1.506895e+01	1.518296e+01	1.444973e+01	1.289618e+01
25400	1.028846e+01	1.251332e+01	1.355049e+01	1.349467e+01	1.263635e+01	1.132709e+01	9.874516e+00	1.134218e+01	1.173888e+01	1.154948e+01	1.098859e+01	1.023401e+01	1.507148e+01	1.516551e+01	1.441509e+01	1.288775e+01
25500	1.031524e+01	1.253016e+01	1.354974e+01	1.347454e+01	1.260011e+01	1.128086e+01	9.824805e+00	1.135034e+01	1.173604e+01	1.153638e+01	1.096753e+01	1.020795e+01	1.507365e+01	1.514780e+01	1.438037e+01	1.287913e+01
25600	1.034171e+01	1.254663e+01	1.354867e+01	1.345423e+01	1.256390e+01	1.123485e+01	9.775465e+00	1.135827e+01	1.173306e+01	1.152321e+01	1.094649e+01	1.018197e+01	1.507546e+01	1.512985e+01	1.434560e+01	1.287033e+01
25700	1.036788e+01	1.256275e+01	1.354728e+01	1.343374e+01	1.252772e+01	1.118907e+01	9.726509e+00	1.136598e+01	1.172994e+01	1.150998e+01	1.092546e+01	1.015609e+01	1.507691e+01	1.511166e+01	1.431077e+01	1.286136e+01
25800	1.039376e+01	1.257852e+01	1.354559e+01	1.341309e+01	1.249157e+01	1.114353e+01	9.677941e+00	1.137345e+01	1.172668e+01	1.149670e+01	1.090447e+01	1.013030e+01	1.507801e+01	1.509325e+01	1.427590e+01	1.285221e+01
25900	1.041935e+01	1.259395e+01	1.354360e+01	1.339228e+01	1.245546e+01	1.109823e+01	9.629766e+00	1.138070e+01	1.172327e+01	1.148336e+01	1.088350e+01	1.010462e+01	1.507877e+01	1.507461e+01	1.424100e+01	1.284290e+01
26000	1.044466e+01	1.260904e+01	1.354131e+01	1.337130e+01	1.241939e+01	1.105317e+01	9.581988e+00	1.138771e+01	1.171973e+01	1.146997e+01	1.086256e+01	1.007905e+01	1.507920e+01	1.505576e+01	1.420606e+01	1.283343e+01
26100	1.046968e+01	1.262380e+01	1.353871e+01	1.335016e+01	1.238336e+01	1.100835e+01	9.534610e+00	1.139450e+01	1.171604e+01	1.145652e+01	1.084165e+01	1.005358e+01	1.507929e+01	1.503669e+01	1.417110e+01	1.282382e+01
26200	1.049444e+01	1.263823e+01	1.353583e+01	1.332887e+01	1.234738e+01	1.096379e+01	9.487636e+00	1.140107e+01	1.171221e+01	1.144301e+01	1.082078e+01	1.002824e+01	1.507905e+01	1.501742e+01	1.413612e+01	1.281406e+01
26300	1.051891e+01	1.265232e+01	1.353265e+01	1.330741e+01	1.231143e+01	1.091947e+01	9.441070e+00	1.140740e+01	1.170824e+01	1.142946e+01	1.079995e+01	1.000301e+01	1.507849e+01	1.499793e+01	1.410112e+01	1.280416e+01
26400	1.054312e+01	1.266609e+01	1.352916e+01	1.328580e+01	1.227553e+01	1.087540e+01	9.394915e+00	1.141351e+01	1.170412e+01	1.141585e+01	1.077915e+01	9.977911e+00	1.507760e+01	1.497825e+01	1.406610e+01	1.279413e+01
26500	1.056705e+01	1.267952e+01	1.352538e+01	1.326402e+01	1.223967e+01	1.083159e+01	9.349175e+00	1.141939e+01	1.169987e+01	1.140219e+01	1.075840e+01	9.952939e+00	1.507638e+01	1.495836e+01	1.403108e+01	1.278397e+01
26600	1.059071e+01	1.269262e+01	1.352130e+01	1.324207e+01	1.220385e+01	1.078802e+01	9.303851e+00	1.142504e+01	1.169546e+01	1.138847e+01	1.073768e+01	9.928100e+00	1.507484e+01	1.493826e+01	1.399604e+01	1.277369e+01
26700	1.061410e+01	1.270539e+01	1.351691e+01	1.321996e+01	1.216807e+01	1.074472e+01	9.258949e+00	1.143045e+01	1.169091e+01	1.137471e+01	1.071702e+01	9.903397e+00	1.507297e+01	1.491797e+01	1.396100e+01	1.276329e+01
26800	1.063721e+01	1.271781e+01	1.351221e+01	1.319767e+01	1.213234e+01	1.070167e+01	9.214470e+00	1.143563e+01	1.168621e+01	1.136088e+01	1.069640e+01	9.878835e+00	1.507077e+01	1.489747e+01	1.392596e+01	1.275277e+01
26900	1.066005e+01	1.272990e+01	1.350721e+01	1.317521e+01	1.209663e+01	1.065886e+01	9.170404e+00	1.144058e+01	1.168135e+01	1.134701e+01	1.067583e+01	9.854410e+00	1.506824e+01	1.487677e+01	1.389091e+01	1.274214e+01
27000	1.068261e+01	1.274165e+01	1.350188e+01	1.315256e+01	1.206094e+01	1.061629e+01	9.126737e+00	1.144529e+01	1.167634e+01	1.133306e+01	1.065529e+01	9.830116e+00	1.506537e+01	1.485586e+01	1.385585e+01	1.273140e+01
27100	1.070490e+01	1.275305e+01	1.349622e+01	1.312972e+01	1.202525e+01	1.057393e+01	9.083453e+00	1.144976e+01	1.167117e+01	1.131906e+01	1.063478e+01	9.805945e+00	1.506217e+01	1.483472e+01	1.382075e+01	1.272054e+01
27200	1.072692e+01	1.276409e+01	1.349024e+01	1.310666e+01	1.198955e+01	1.053178e+01	9.040535e+00	1.145399e+01	1.166584e+01	1.130497e+01	1.061430e+01	9.781891e+00	1.505862e+01	1.481336e+01	1.378562e+01	1.270956e+01
27300	1.074866e+01	1.277479e+01	1.348391e+01	1.308338e+01	1.195383e+01	1.048980e+01	8.997963e+00	1.145797e+01	1.166034e+01	1.129081e+01	1.059383e+01	9.757942e+00	1.505472e+01	1.479177e+01	1.375044e+01	1.269846e+01
27400	1.077012e+01	1.278513e+01	1.347723e+01	1.305988e+01	1.191807e+01	1.044799e+01	8.955718e+00	1.146171e+01	1.165466e+01	1.127656e+01	1.057338e+01	9.734090e+00	1.505047e+01	1.476993e+01	1.371520e+01	1.268723e+01
27500	1.079130e+01	1.279511e+01	1.347020e+01	1.303613e+01	1.188225e+01	1.040633e+01	8.913781e+00	1.146520e+01	1.164880e+01	1.126222e+01	1.055292e+01	9.710326e+00	1.504586e+01	1.474784e+01	1.367989e+01	1.267588e+01
27600	1.081220e+01	1.280472e+01	1.346281e+01	1.301213e+01	1.184637e+01	1.036480e+01	8.872133e+00	1.146844e+01	1.164276e+01	1.124777e+01	1.053245e+01	9.686639e+00	1.504088e+01	1.472548e+01	1.364450e+01	1.266440e+01
27700	1.083283e+01	1.281397e+01	1.345504e+01	1.298786e+01	1.181040e+01	1.032338e+01	8.830755e+00	1.147142e+01	1.163653e+01	1.123323e+01	1.051197e+01	9.663019e+00	1.503553e+01	1.470287e+01	1.360901e+01	1.265278e+01
27800	1.085317e+01	1.282284e+01	1.344690e+01	1.296332e+01	1.177433e+01	1.028205e+01	8.789627e+00	1.147414e+01	1.163011e+01	1.121856e+01	1.049146e+01	9.639458e+00	1.502981e+01	1.467997e+01	1.357342e+01	1.264104e+01
27900	1.087324e+01	1.283134e+01	1.343838e+01	1.293849e+01	1.173815e+01	1.024080e+01	8.748731e+00	1.147661e+01	1.162350e+01	1.120379e+01	1.047092e+01	9.615946e+00	1.502371e+01	1.465679e+01	1.353771e+01	1.262915e+01
28000	1.089302e+01	1.283946e+01	1.342946e+01	1.291336e+01	1.170184e+01	1.019961e+01	8.708046e+00	1.147882e+01	1.161668e+01	1.118888e+01	1.045034e+01	9.592473e+00	1.501722e+01	1.463332e+01	1.350187e+01	1.261712e+01
28100	1.091252e+01	1.284720e+01	1.342015e+01	1.288792e+01	1.166538e+01	1.015846e+01	8.667555e+00	1.148076e+01	1.160965e+01	1.117385e+01	1.042972e+01	9.569029e+00	1.501034e+01	1.460955e+01	1.346590e+01	1.260495e+01
28200	1.093174e+01	1.285456e+01	1.341043e+01	1.286216e+01	1.162877e+01	1.011734e+01	8.627237e+00	1.148243e+01	1.160241e+01	1.115867e+01	1.040904e+01	9.545605e+00	1.500307e+01	1.458547e+01	1.342977e+01	1.259264e+01
28300	1.095067e+01	1.286152e+01	1.340030e+01	1.283607e+01	1.159199e+01	1.007622e+01	8.587073e+00	1.148383e+01	1.159496e+01	1.114336e+01	1.038829e+01	9.522191e+00	1.499540e+01	1.456108e+01	1.339348e+01	1.258017e+01
28400	1.096933e+01	1.286810e+01	1.338975e+01	1.280965e+01	1.155502e+01	1.003510e+01	8.547050e+00	1.148497e+01	1.158729e+01	1.112789e+01	1.036748e+01	9.498780e+00	1.498732e+01	1.453636e+01	1.335703e+01	1.256756e+01
28500	1.098771e+01	1.287430e+01	1.337880e+01	1.278290e+01	1.151789e+01	9.993975e+00	8.507162e+00	1.148583e+01	1.157940e+01	1.111228e+01	1.034659e+01	9.475369e+00	1.497886e+01	1.451134e+01	1.332041e+01	1.255479e+01
28600	1.100582e+01	1.288013e+01	1.336747e+01	1.275584e+01	1.148059e+01	9.952854e+00	8.467412e+00	1.148643e+01	1.157130e+01	1.109653e+01	1.032564e+01	9.451960e+00	1.497001e+01	1.448601e+01	1.328364e+01	1.254187e+01
28700	1.102367e+01	1.288561e+01	1.335576e+01	1.272849e+01	1.144314e+01	9.911743e+00	8.427804e+00	1.148677e+01	1.156299e+01	1.108063e+01	1.030462e+01	9.428554e+00	1.496080e+01	1.446040e+01	1.324672e+01	1.252880e+01
28800	1.104128e+01	1.289074e+01	1.334368e+01	1.270085e+01	1.140555e+01	9.870652e+00	8.388340e+00	1.148685e+01	1.155446e+01	1.106459e+01	1.028354e+01	9.405153e+00	1.495122e+01	1.443450e+01	1.320967e+01	1.251557e+01
28900	1.105865e+01	1.289554e+01	1.333126e+01	1.267294e+01	1.136783e+01	9.829586e+00	8.349024e+00	1.148667e+01	1.154574e+01	1.104842e+01	1.026241e+01	9.381759e+00	1.494130e+01	1.440835e+01	1.317249e+01	1.250220e+01
29000	1.107579e+01	1.290002e+01	1.331850e+01	1.264477e+01	1.133000e+01	9.788553e+00	8.309859e+00	1.148624e+01	1.153680e+01	1.103212e+01	1.024121e+01	9.358374e+00	1.493103e+01	1.438193e+01	1.313520e+01	1.248867e+01
29100	1.109270e+01	1.290419e+01	1.330543e+01	1.261636e+01	1.129206e+01	9.747561e+00	8.270848e+00	1.148557e+01	1.152767e+01	1.101569e+01	1.021996e+01	9.335001e+00	1.492044e+01	1.435527e+01	1.309780e+01	1.247499e+01
29200	1.110940e+01	1.290805e+01	1.329204e+01	1.258772e+01	1.125403e+01	9.706618e+00	8.231996e+00	1.148465e+01	1.151835e+01	1.099913e+01	1.019866e+01	9.311639e+00	1.490953e+01	1.432838e+01	1.306030e+01	1.246115e+01
29300	1.112589e+01	1.291163e+01	1.327835e+01	1.255887e+01	1.121591e+01	9.665732e+00	8.193307e+00	1.148349e+01	1.150883e+01	1.098244e+01	1.017731e+01	9.288292e+00	1.489832e+01	1.430126e+01	1.302271e+01	1.244716e+01
29400	1.114218e+01	1.291492e+01	1.326439e+01	1.252981e+01	1.117773e+01	9.624910e+00	8.154783e+00	1.148209e+01	1.149911e+01	1.096564e+01	1.015592e+01	9.264960e+00	1.488680e+01	1.427393e+01	1.298504e+01	1.243302e+01
29500	1.115827e+01	1.291794e+01	1.325015e+01	1.250057e+01	1.113948e+01	9.584161e+00	8.116428e+00	1.148047e+01	1.148922e+01	1.094871e+01	1.013447e+01	9.241645e+00	1.487500e+01	1.424640e+01	1.294731e+01	1.241872e+01
29600	1.117418e+01	1.292070e+01	1.323566e+01	1.247116e+01	1.110120e+01	9.543492e+00	8.078247e+00	1.147862e+01	1.147914e+01	1.093168e+01	1.011299e+01	9.218350e+00	1.486292e+01	1.421867e+01	1.290951e+01	1.240426e+01
29700	1.118990e+01	1.292321e+01	1.322092e+01	1.244158e+01	1.106287e+01	9.502911e+00	8.040243e+00	1.147656e+01	1.146888e+01	1.091453e+01	1.009147e+01	9.195077e+00	1.485057e+01	1.419077e+01	1.287166e+01	1.238966e+01
29800	1.120544e+01	1.292547e+01	1.320595e+01	1.241186e+01	1.102452e+01	9.462425e+00	8.002421e+00	1.147430e+01	1.145846e+01	1.089728e+01	1.006992e+01	9.171829e+00	1.483797e+01	1.416270e+01	1.283377e+01	1.237490e+01
29900	1.122082e+01	1.292750e+01	1.319076e+01	1.238200e+01	1.098616e+01	9.422044e+00	7.964784e+00	1.147184e+01	1.144788e+01	1.087994e+01	1.004834e+01	9.148609e+00	1.482512e+01	1.413446e+01	1.279584e+01	1.236001e+01
30000	1.123602e+01	1.292930e+01	1.317536e+01	1.235202e+01	1.094780e+01	9.381774e+00	7.927336e+00	1.146919e+01	1.143714e+01	1.086250e+01	1.002674e+01	9.125420e+00	1.481203e+01	1.410609e+01	1.275790e+01	1.234497e+01
30100	1.125108e+01	1.293089e+01	1.315977e+01	1.232193e+01	1.090945e+01	9.341624e+00	7.890082e+00	1.146637e+01	1.142626e+01	1.084498e+01	1.000512e+01	9.102265e+00	1.479872e+01	1.407757e+01	1.271994e+01	1.232979e+01
30200	1.126597e+01	1.293226e+01	1.314399e+01	1.229175e+01	1.087112e+01	9.301601e+00	7.853025e+00	1.146338e+01	1.141525e+01	1.082738e+01	9.983479e+00	9.079146e+00	1.478519e+01	1.404893e+01	1.268197e+01	1.231448e+01
30300	1.128072e+01	1.293344e+01	1.312804e+01	1.226148e+01	1.083283e+01	9.261714e+00	7.816172e+00	1.146024e+01	1.140410e+01	1.080971e+01	9.961832e+00	9.056068e+00	1.477146e+01	1.402017e+01	1.264401e+01	1.229904e+01
30400	1.129533e+01	1.293443e+01	1.311192e+01	1.223115e+01	1.079458e+01	9.221977e+00	7.779531e+00	1.145694e+01	1.139284e+01	1.079197e+01	9.940182e+00	9.033037e+00	1.475753e+01	1.399132e+01	1.260607e+01	1.228348e+01
30500	1.130981e+01	1.293525e+01	1.309567e+01	1.220077e+01	1.075640e+01	9.182402e+00	7.743112e+00	1.145351e+01	1.138146e+01	1.077418e+01	9.918536e+00	9.010059e+00	1.474342e+01	1.396237e+01	1.256816e+01	1.226779e+01
30600	1.132416e+01	1.293589e+01	1.307928e+01	1.217036e+01	1.071830e+01	9.143002e+00	7.706924e+00	1.144994e+01	1.136997e+01	1.075634e+01	9.896901e+00	8.987141e+00	1.472915e+01	1.393336e+01	1.253030e+01	1.225199e+01
30700	1.133839e+01	1.293637e+01	1.306278e+01	1.213993e+01	1.068029e+01	9.103788e+00	7.670977e+00	1.144626e+01	1.135839e+01	1.073845e+01	9.875285e+00	8.964290e+00	1.471471e+01	1.390428e+01	1.249250e+01	1.223608e+01
30800	1.135250e+01	1.293670e+01	1.304617e+01	1.210949e+01	1.064240e+01	9.064775e+00	7.635279e+00	1.144247e+01	1.134673e+01	1.072054e+01	9.853695e+00	8.941510e+00	1.470012e+01	1.387515e+01	1.245476e+01	1.222007e+01
30900	1.136650e+01	1.293689e+01	1.302947e+01	1.207907e+01	1.060463e+01	9.025973e+00	7.599841e+00	1.143858e+01	1.133498e+01	1.070259e+01	9.832137e+00	8.918810e+00	1.468540e+01	1.384600e+01	1.241712e+01	1.220396e+01
31000	1.138040e+01	1.293695e+01	1.301270e+01	1.204867e+01	1.056700e+01	8.987397e+00	7.564671e+00	1.143461e+01	1.132316e+01	1.068463e+01	9.810619e+00	8.896194e+00	1.467056e+01	1.381682e+01	1.237957e+01	1.218776e+01
31100	1.139420e+01	1.293688e+01	1.299586e+01	1.201833e+01	1.052952e+01	8.949058e+00	7.529779e+00	1.143055e+01	1.131128e+01	1.066666e+01	9.789148e+00	8.873670e+00	1.465561e+01	1.378763e+01	1.234213e+01	1.217147e+01
31200	1.140792e+01	1.293671e+01	1.297897e+01	1.198804e+01	1.049221e+01	8.910969e+00	7.495173e+00	1.142642e+01	1.129935e+01	1.064868e+01	9.767730e+00	8.851243e+00	1.464055e+01	1.375846e+01	1.230482e+01	1.215510e+01
31300	1.142154e+01	1.293643e+01	1.296204e+01	1.195782e+01	1.045510e+01	8.873142e+00	7.460864e+00	1.142223e+01	1.128738e+01	1.063071e+01	9.746373e+00	8.828920e+00	1.462541e+01	1.372930e+01	1.226764e+01	1.213866e+01
31400	1.143509e+01	1.293606e+01	1.294509e+01	1.192770e+01	1.041818e+01	8.835591e+00	7.426860e+00	1.141799e+01	1.127536e+01	1.061275e+01	9.725084e+00	8.806706e+00	1.461019e+01	1.370017e+01	1.223062e+01	1.212214e+01
31500	1.144857e+01	1.293561e+01	1.292814e+01	1.189768e+01	1.038147e+01	8.798328e+00	7.393171e+00	1.141371e+01	1.126332e+01	1.059481e+01	9.703869e+00	8.784608e+00	1.459490e+01	1.367110e+01	1.219376e+01	1.210556e+01
31600	1.146198e+01	1.293508e+01	1.291118e+01	1.186779e+01	1.034500e+01	8.761364e+00	7.359806e+00	1.140940e+01	1.125126e+01	1.057690e+01	9.682737e+00	8.762633e+00	1.457956e+01	1.364208e+01	1.215707e+01	1.208892e+01
31700	1.147533e+01	1.293449e+01	1.289424e+01	1.183803e+01	1.030878e+01	8.724714e+00	7.326774e+00	1.140506e+01	1.123918e+01	1.055903e+01	9.661692e+00	8.740786e+00	1.456418e+01	1.361313e+01	1.212058e+01	1.207222e+01
31800	1.148863e+01	1.293384e+01	1.287734e+01	1.180843e+01	1.027281e+01	8.688389e+00	7.294085e+00	1.140072e+01	1.122711e+01	1.054119e+01	9.640744e+00	8.719074e+00	1.454877e+01	1.358428e+01	1.208429e+01	1.205548e+01
31900	1.150189e+01	1.293315e+01	1.286048e+01	1.177899e+01	1.023712e+01	8.652403e+00	7.261748e+00	1.139637e+01	1.121504e+01	1.052341e+01	9.619899e+00	8.697503e+00	1.453334e+01	1.355552e+01	1.204821e+01	1.203869e+01
32000	1.151510e+01	1.293243e+01	1.284367e+01	1.174974e+01	1.020173e+01	8.616766e+00	7.229771e+00	1.139203e+01	1.120298e+01	1.050569e+01	9.599163e+00	8.676078e+00	1.451790e+01	1.352688e+01	1.201237e+01	1.202186e+01
32100	1.152827e+01	1.293167e+01	1.282694e+01	1.172069e+01	1.016663e+01	8.581489e+00	7.198161e+00	1.138771e+01	1.119094e+01	1.048803e+01	9.578542e+00	8.654806e+00	1.450247e+01	1.349836e+01	1.197676e+01	1.200500e+01
32200	1.154141e+01	1.293089e+01	1.281026e+01	1.169183e+01	1.013184e+01	8.546573e+00	7.166921e+00	1.138341e+01	1.117893e+01	1.047044e+01	9.558040e+00	8.633688e+00	1.448703e+01	1.346996e+01	1.194140e+01	1.198811e+01
32300	1.155449e+01	1.293006e+01	1.279365e+01	1.166316e+01	1.009735e+01	8.512016e+00	7.136046e+00	1.137914e+01	1.116695e+01	1.045292e+01	9.537659e+00	8.612726e+00	1.447160e+01	1.344169e+01	1.190627e+01	1.197121e+01
32400	1.156753e+01	1.292918e+01	1.277708e+01	1.163468e+01	1.006315e+01	8.477816e+00	7.105537e+00	1.137490e+01	1.115501e+01	1.043548e+01	9.517399e+00	8.591918e+00	1.445615e+01	1.341354e+01	1.187138e+01	1.195429e+01
32500	1.158050e+01	1.292824e+01	1.276055e+01	1.160637e+01	1.002925e+01	8.443971e+00	7.075391e+00	1.137070e+01	1.114310e+01	1.041811e+01	9.497264e+00	8.571267e+00	1.444069e+01	1.338551e+01	1.183674e+01	1.193736e+01
32600	1.159341e+01	1.292722e+01	1.274405e+01	1.157823e+01	9.995637e+00	8.410479e+00	7.045605e+00	1.136655e+01	1.113123e+01	1.040082e+01	9.477254e+00	8.550772e+00	1.442522e+01	1.335759e+01	1.180233e+01	1.192044e+01
32700	1.160623e+01	1.292613e+01	1.272757e+01	1.155026e+01	9.962308e+00	8.377336e+00	7.016178e+00	1.136244e+01	1.111941e+01	1.038362e+01	9.457371e+00	8.530434e+00	1.440972e+01	1.332978e+01	1.176815e+01	1.190352e+01
32800	1.161896e+01	1.292494e+01	1.271110e+01	1.152244e+01	9.929255e+00	8.344535e+00	6.987100e+00	1.135838e+01	1.110763e+01	1.036649e+01	9.437612e+00	8.510249e+00	1.439419e+01	1.330207e+01	1.173420e+01	1.188662e+01
32900	1.163159e+01	1.292364e+01	1.269462e+01	1.149476e+01	9.896463e+00	8.312062e+00	6.958361e+00	1.135436e+01	1.109589e+01	1.034945e+01	9.417973e+00	8.490210e+00	1.437862e+01	1.327445e+01	1.170047e+01	1.186972e+01
33000	1.164411e+01	1.292223e+01	1.267812e+01	1.146720e+01	9.863919e+00	8.279906e+00	6.929949e+00	1.135038e+01	1.108419e+01	1.033248e+01	9.398449e+00	8.470311e+00	1.436300e+01	1.324691e+01	1.166694e+01	1.185284e+01
33100	1.165651e+01	1.292068e+01	1.266158e+01	1.143975e+01	9.831609e+00	8.248052e+00	6.901852e+00	1.134645e+01	1.107253e+01	1.031558e+01	9.379034e+00	8.450545e+00	1.434731e+01	1.321945e+01	1.163360e+01	1.183596e+01
33200	1.166877e+01	1.291898e+01	1.264499e+01	1.141240e+01	9.799520e+00	8.216489e+00	6.874057e+00	1.134255e+01	1.106091e+01	1.029874e+01	9.359724e+00	8.430907e+00	1.433154e+01	1.319204e+01	1.160044e+01	1.181909e+01
33300	1.168088e+01	1.291712e+01	1.262834e+01	1.138513e+01	9.767639e+00	8.185203e+00	6.846554e+00	1.133869e+01	1.104932e+01	1.028198e+01	9.340514e+00	8.411389e+00	1.431569e+01	1.316467e+01	1.156746e+01	1.180223e+01
33400	1.169285e+01	1.291509e+01	1.261161e+01	1.135793e+01	9.735953e+00	8.154185e+00	6.819332e+00	1.133486e+01	1.103776e+01	1.026527e+01	9.321398e+00	8.391985e+00	1.429975e+01	1.313735e+01	1.153464e+01	1.178538e+01
33500	1.170467e+01	1.291289e+01	1.259481e+01	1.133079e+01	9.704455e+00	8.123422e+00	6.792379e+00	1.133107e+01	1.102623e+01	1.024862e+01	9.302371e+00	8.372689e+00	1.428371e+01	1.311006e+01	1.150197e+01	1.176854e+01
33600	1.171633e+01	1.291052e+01	1.257792e+01	1.130371e+01	9.673132e+00	8.092904e+00	6.765686e+00	1.132729e+01	1.101472e+01	1.023202e+01	9.283426e+00	8.353494e+00	1.426758e+01	1.308279e+01	1.146944e+01	1.175170e+01
33700	1.172784e+01	1.290798e+01	1.256094e+01	1.127667e+01	9.641977e+00	8.062621e+00	6.739241e+00	1.132354e+01	1.100324e+01	1.021547e+01	9.264559e+00	8.334394e+00	1.425134e+01	1.305554e+01	1.143705e+01	1.173485e+01
33800	1.173919e+01	1.290525e+01	1.254387e+01	1.124967e+01	9.610979e+00	8.032562e+00	6.713035e+00	1.131981e+01	1.099176e+01	1.019896e+01	9.245764e+00	8.315382e+00	1.423499e+01	1.302831e+01	1.140479e+01	1.171801e+01
33900	1.175038e+01	1.290234e+01	1.252669e+01	1.122271e+01	9.580128e+00	8.002716e+00	6.687056e+00	1.131609e+01	1.098030e+01	1.018248e+01	9.227034e+00	8.296451e+00	1.421852e+01	1.300108e+01	1.137265e+01	1.170116e+01
34000	1.176141e+01	1.289924e+01	1.250941e+01	1.119576e+01	9.549414e+00	7.973074e+00	6.661294e+00	1.131237e+01	1.096885e+01	1.016604e+01	9.208365e+00	8.277595e+00	1.420194e+01	1.297386e+01	1.134062e+01	1.168430e+01
34100	1.177228e+01	1.289596e+01	1.249202e+01	1.116883e+01	9.518828e+00	7.943623e+00	6.635740e+00	1.130866e+01	1.095740e+01	1.014963e+01	9.189750e+00	8.258809e+00	1.418525e+01	1.294663e+01	1.130869e+01	1.166743e+01
34200	1.178299e+01	1.289249e+01	1.247451e+01	1.114191e+01	9.488363e+00	7.914357e+00	6.610384e+00	1.130495e+01	1.094595e+01	1.013324e+01	9.171186e+00	8.240086e+00	1.416842e+01	1.291938e+01	1.127686e+01	1.165054e+01
34300	1.179353e+01	1.288882e+01	1.245688e+01	1.111500e+01	9.458012e+00	7.885270e+00	6.585223e+00	1.130123e+01	1.093449e+01	1.011688e+01	9.152670e+00	8.221426e+00	1.415148e+01	1.289213e+01	1.124512e+01	1.163365e+01
34400	1.180390e+01	1.288496e+01	1.243913e+01	1.108808e+01	9.427770e+00	7.856357e+00	6.560253e+00	1.129751e+01	1.092303e+01	1.010053e+01	9.134201e+00	8.202827e+00	1.413440e+01	1.286485e+01	1.121347e+01	1.161674e+01
34500	1.181410e+01	1.288090e+01	1.242125e+01	1.106115e+01	9.397632e+00	7.827614e+00	6.535469e+00	1.129377e+01	1.091157e+01	1.008420e+01	9.115778e+00	8.184288e+00	1.411719e+01	1.283756e+01	1.118190e+01	1.159983e+01
34600	1.182413e+01	1.287664e+01	1.240324e+01	1.103422e+01	9.367593e+00	7.799035e+00	6.510869e+00	1.129002e+01	1.090009e+01	1.006789e+01	9.097397e+00	8.165807e+00	1.409985e+01	1.281024e+01	1.115041e+01	1.158290e+01
34700	1.183399e+01	1.287217e+01	1.238509e+01	1.100726e+01	9.337648e+00	7.770617e+00	6.486448e+00	1.128625e+01	1.088860e+01	1.005159e+01	9.079058e+00	8.147383e+00	1.408238e+01	1.278290e+01	1.111901e+01	1.156596e+01
34800	1.184368e+01	1.286751e+01	1.236680e+01	1.098029e+01	9.307792e+00	7.742355e+00	6.462203e+00	1.128246e+01	1.087709e+01	1.003530e+01	9.060760e+00	8.129016e+00	1.406477e+01	1.275552e+01	1.108768e+01	1.154902e+01
34900	1.185319e+01	1.286263e+01	1.234837e+01	1.095329e+01	9.278019e+00	7.714245e+00	6.438130e+00	1.127864e+01	1.086556e+01	1.001903e+01	9.042501e+00	8.110704e+00	1.404702e+01	1.272812e+01	1.105642e+01	1.153206e+01
35000	1.186252e+01	1.285755e+01	1.232980e+01	1.092626e+01	9.248325e+00	7.686281e+00	6.414228e+00	1.127480e+01	1.085401e+01	1.000276e+01	9.024279e+00	8.092446e+00	1.402913e+01	1.270067e+01	1.102523e+01	1.151510e+01
35100	1.187168e+01	1.285226e+01	1.231108e+01	1.089919e+01	9.218705e+00	7.658461e+00	6.390491e+00	1.127092e+01	1.084244e+01	9.986497e+00	9.006093e+00	8.074243e+00	1.401109e+01	1.267319e+01	1.099411e+01	1.149813e+01
35200	1.188066e+01	1.284675e+01	1.229220e+01	1.087209e+01	9.189154e+00	7.630779e+00	6.366916e+00	1.126700e+01	1.083085e+01	9.970238e+00	8.987942e+00	8.056092e+00	1.399291e+01	1.264567e+01	1.096304e+01	1.148116e+01
35300	1.188945e+01	1.284103e+01	1.227316e+01	1.084493e+01	9.159666e+00	7.603231e+00	6.343501e+00	1.126304e+01	1.081922e+01	9.953982e+00	8.969824e+00	8.037994e+00	1.397458e+01	1.261811e+01	1.093204e+01	1.146418e+01
35400	1.189806e+01	1.283509e+01	1.225397e+01	1.081773e+01	9.130237e+00	7.575812e+00	6.320241e+00	1.125904e+01	1.080756e+01	9.937726e+00	8.951738e+00	8.019946e+00	1.395610e+01	1.259049e+01	1.090109e+01	1.144720e+01
35500	1.190649e+01	1.282893e+01	1.223460e+01	1.079047e+01	9.100862e+00	7.548519e+00	6.297134e+00	1.125499e+01	1.079587e+01	9.921468e+00	8.933681e+00	8.001949e+00	1.393747e+01	1.256283e+01	1.087020e+01	1.143021e+01
35600	1.191472e+01	1.282255e+01	1.221507e+01	1.076316e+01	9.071535e+00	7.521346e+00	6.274176e+00	1.125088e+01	1.078415e+01	9.905207e+00	8.915654e+00	7.984000e+00	1.391868e+01	1.253511e+01	1.083935e+01	1.141322e+01
35700	1.192278e+01	1.281594e+01	1.219537e+01	1.073577e+01	9.042251e+00	7.494289e+00	6.251363e+00	1.124673e+01	1.077238e+01	9.888940e+00	8.897654e+00	7.966101e+00	1.389974e+01	1.250733e+01	1.080855e+01	1.139622e+01
35800	1.193064e+01	1.280911e+01	1.217549e+01	1.070832e+01	9.013006e+00	7.467344e+00	6.228693e+00	1.124251e+01	1.076057e+01	9.872666e+00	8.879679e+00	7.948249e+00	1.388063e+01	1.247950e+01	1.077779e+01	1.137923e+01
35900	1.193831e+01	1.280205e+01	1.215544e+01	1.068079e+01	8.983795e+00	7.440507e+00	6.206161e+00	1.123823e+01	1.074872e+01	9.856382e+00	8.861730e+00	7.930443e+00	1.386137e+01	1.245160e+01	1.074707e+01	1.136223e+01
36000	1.194578e+01	1.279475e+01	1.213520e+01	1.065319e+01	8.954612e+00	7.413773e+00	6.183764e+00	1.123389e+01	1.073683e+01	9.840086e+00	8.843803e+00	7.912683e+00	1.384194e+01	1.242364e+01	1.071639e+01	1.134524e+01
36100	1.195307e+01	1.278723e+01	1.211477e+01	1.062550e+01	8.925452e+00	7.387137e+00	6.161500e+00	1.122947e+01	1.072488e+01	9.823778e+00	8.825897e+00	7.894969e+00	1.382235e+01	1.239561e+01	1.068574e+01	1.132824e+01
36200	1.196015e+01	1.277946e+01	1.209415e+01	1.059772e+01	8.896311e+00	7.360596e+00	6.139364e+00	1.122498e+01	1.071288e+01	9.807453e+00	8.808012e+00	7.877298e+00	1.380258e+01	1.236750e+01	1.065511e+01	1.131124e+01
36300	1.196704e+01	1.277146e+01	1.207334e+01	1.056985e+01	8.867186e+00	7.334147e+00	6.117354e+00	1.122042e+01	1.070083e+01	9.791113e+00	8.790145e+00	7.859670e+00	1.378265e+01	1.233933e+01	1.062452e+01	1.129424e+01
36400	1.197372e+01	1.276323e+01	1.205234e+01	1.054189e+01	8.838080e+00	7.307790e+00	6.095471e+00	1.121577e+01	1.068873e+01	9.774756e+00	8.772298e+00	7.842086e+00	1.376256e+01	1.231108e+01	1.059396e+01	1.127725e+01
36500	1.198022e+01	1.275477e+01	1.203116e+01	1.051385e+01	8.808994e+00	7.281526e+00	6.073713e+00	1.121105e+01	1.067657e+01	9.758384e+00	8.754471e+00	7.824546e+00	1.374230e+01	1.228277e+01	1.056342e+01	1.126025e+01
36600	1.198651e+01	1.274609e+01	1.200980e+01	1.048574e+01	8.779932e+00	7.255356e+00	6.052080e+00	1.120625e+01	1.066436e+01	9.741997e+00	8.736665e+00	7.807049e+00	1.372189e+01	1.225440e+01	1.053292e+01	1.124325e+01
36700	1.199262e+01	1.273719e+01	1.198828e+01	1.045755e+01	8.750896e+00	7.229279e+00	6.030571e+00	1.120136e+01	1.065210e+01	9.725596e+00	8.718879e+00	7.789597e+00	1.370132e+01	1.222596e+01	1.050246e+01	1.122625e+01
36800	1.199855e+01	1.272808e+01	1.196659e+01	1.042929e+01	8.721888e+00	7.203298e+00	6.009185e+00	1.119639e+01	1.063978e+01	9.709182e+00	8.701115e+00	7.772189e+00	1.368061e+01	1.219747e+01	1.047203e+01	1.120925e+01
36900	1.200428e+01	1.271876e+01	1.194475e+01	1.040097e+01	8.692910e+00	7.177411e+00	5.987923e+00	1.119134e+01	1.062742e+01	9.692756e+00	8.683372e+00	7.754825e+00	1.365975e+01	1.216893e+01	1.044164e+01	1.119225e+01
37000	1.200984e+01	1.270925e+01	1.192276e+01	1.037259e+01	8.663966e+00	7.151621e+00	5.966785e+00	1.118621e+01	1.061501e+01	9.676320e+00	8.665654e+00	7.737508e+00	1.363876e+01	1.214034e+01	1.041130e+01	1.117524e+01
37100	1.201522e+01	1.269954e+01	1.190062e+01	1.034416e+01	8.635063e+00	7.125933e+00	5.945773e+00	1.118100e+01	1.060254e+01	9.659876e+00	8.647962e+00	7.720238e+00	1.361764e+01	1.211171e+01	1.038100e+01	1.115824e+01
37200	1.202043e+01	1.268964e+01	1.187834e+01	1.031569e+01	8.606204e+00	7.100349e+00	5.924890e+00	1.117570e+01	1.059004e+01	9.643427e+00	8.630299e+00	7.703020e+00	1.359639e+01	1.208305e+01	1.035075e+01	1.114124e+01
37300	1.202547e+01	1.267956e+01	1.185594e+01	1.028718e+01	8.577395e+00	7.074872e+00	5.904137e+00	1.117033e+01	1.057749e+01	9.626975e+00	8.612667e+00	7.685855e+00	1.357502e+01	1.205435e+01	1.032056e+01	1.112424e+01
37400	1.203035e+01	1.266931e+01	1.183342e+01	1.025864e+01	8.548642e+00	7.049507e+00	5.883517e+00	1.116488e+01	1.056490e+01	9.610524e+00	8.595070e+00	7.668746e+00	1.355354e+01	1.202564e+01	1.029043e+01	1.110725e+01
37500	1.203506e+01	1.265889e+01	1.181079e+01	1.023007e+01	8.519949e+00	7.024257e+00	5.863032e+00	1.115936e+01	1.055227e+01	9.594076e+00	8.577510e+00	7.651696e+00	1.353196e+01	1.199690e+01	1.026036e+01	1.109028e+01
37600	1.203962e+01	1.264832e+01	1.178805e+01	1.020149e+01	8.491322e+00	6.999125e+00	5.842684e+00	1.115376e+01	1.053961e+01	9.577633e+00	8.559990e+00	7.634705e+00	1.351027e+01	1.196815e+01	1.023037e+01	1.107331e+01
37700	1.204402e+01	1.263758e+01	1.176521e+01	1.017289e+01	8.462766e+00	6.974115e+00	5.822475e+00	1.114809e+01	1.052691e+01	9.561199e+00	8.542512e+00	7.617778e+00	1.348850e+01	1.193940e+01	1.020045e+01	1.105635e+01
37800	1.204827e+01	1.262670e+01	1.174228e+01	1.014430e+01	8.434286e+00	6.949230e+00	5.802407e+00	1.114234e+01	1.051418e+01	9.544776e+00	8.525079e+00	7.600915e+00	1.346663e+01	1.191065e+01	1.017061e+01	1.103941e+01
37900	1.205238e+01	1.261568e+01	1.171927e+01	1.011570e+01	8.405886e+00	6.924474e+00	5.782482e+00	1.113652e+01	1.050142e+01	9.528367e+00	8.507693e+00	7.584120e+00	1.344468e+01	1.188190e+01	1.014086e+01	1.102249e+01
38000	1.205634e+01	1.260452e+01	1.169618e+01	1.008712e+01	8.377574e+00	6.899849e+00	5.762701e+00	1.113063e+01	1.048864e+01	9.511973e+00	8.490357e+00	7.567393e+00	1.342266e+01	1.185316e+01	1.011119e+01	1.100558e+01
38100	1.206017e+01	1.259324e+01	1.167303e+01	1.005855e+01	8.349352e+00	6.875358e+00	5.743066e+00	1.112468e+01	1.047583e+01	9.495599e+00	8.473074e+00	7.550738e+00	1.340057e+01	1.182445e+01	1.008162e+01	1.098870e+01
38200	1.206386e+01	1.258183e+01	1.164981e+01	1.003001e+01	8.321227e+00	6.851006e+00	5.723580e+00	1.111865e+01	1.046299e+01	9.479245e+00	8.455845e+00	7.534155e+00	1.337842e+01	1.179575e+01	1.005214e+01	1.097184e+01
38300	1.206743e+01	1.257031e+01	1.162654e+01	1.000150e+01	8.293204e+00	6.826796e+00	5.704243e+00	1.111256e+01	1.045014e+01	9.462916e+00	8.438673e+00	7.517647e+00	1.335621e+01	1.176709e+01	1.002277e+01	1.095500e+01
38400	1.207086e+01	1.255868e+01	1.160323e+01	9.973022e+00	8.265287e+00	6.802730e+00	5.685057e+00	1.110640e+01	1.043727e+01	9.446613e+00	8.421560e+00	7.501216e+00	1.333395e+01	1.173846e+01	9.993506e+00	1.093819e+01
38500	1.207417e+01	1.254694e+01	1.157988e+01	9.944592e+00	8.237482e+00	6.778813e+00	5.666025e+00	1.110018e+01	1.042438e+01	9.430339e+00	8.404510e+00	7.484864e+00	1.331165e+01	1.170987e+01	9.964352e+00	1.092140e+01
38600	1.207737e+01	1.253512e+01	1.155650e+01	9.916211e+00	8.209793e+00	6.755046e+00	5.647147e+00	1.109390e+01	1.041148e+01	9.414097e+00	8.387523e+00	7.468592e+00	1.328931e+01	1.168133e+01	9.935314e+00	1.090464e+01
38700	1.208045e+01	1.252320e+01	1.153309e+01	9.887886e+00	8.182223e+00	6.731429e+00	5.628422e+00	1.108755e+01	1.039856e+01	9.397886e+00	8.370600e+00	7.452398e+00	1.326694e+01	1.165283e+01	9.906392e+00	1.088792e+01
38800	1.208341e+01	1.251120e+01	1.150967e+01	9.859623e+00	8.154775e+00	6.707965e+00	5.609848e+00	1.108114e+01	1.038563e+01	9.381708e+00	8.353740e+00	7.436281e+00	1.324454e+01	1.162439e+01	9.877590e+00	1.087122e+01
38900	1.208627e+01	1.249912e+01	1.148624e+01	9.831426e+00	8.127454e+00	6.684654e+00	5.591426e+00	1.107467e+01	1.037269e+01	9.365564e+00	8.336944e+00	7.420241e+00	1.322212e+01	1.159601e+01	9.848910e+00	1.085454e+01
39000	1.208902e+01	1.248697e+01	1.146281e+01	9.803302e+00	8.100261e+00	6.661496e+00	5.573154e+00	1.106814e+01	1.035975e+01	9.349455e+00	8.320212e+00	7.404276e+00	1.319968e+01	1.156770e+01	9.820353e+00	1.083790e+01
39100	1.209168e+01	1.247476e+01	1.143937e+01	9.775256e+00	8.073201e+00	6.638493e+00	5.555031e+00	1.106155e+01	1.034679e+01	9.333383e+00	8.303545e+00	7.388387e+00	1.317723e+01	1.153945e+01	9.791923e+00	1.082128e+01
39200	1.209423e+01	1.246248e+01	1.141595e+01	9.747294e+00	8.046276e+00	6.615647e+00	5.537058e+00	1.105490e+01	1.033383e+01	9.317348e+00	8.286942e+00	7.372572e+00	1.315478e+01	1.151127e+01	9.763622e+00	1.080469e+01
39300	1.209670e+01	1.245016e+01	1.139255e+01	9.719421e+00	8.019491e+00	6.592958e+00	5.519234e+00	1.104819e+01	1.032086e+01	9.301351e+00	8.270404e+00	7.356831e+00	1.313232e+01	1.148317e+01	9.735452e+00	1.078813e+01
39400	1.209907e+01	1.243779e+01	1.136917e+01	9.691643e+00	7.992848e+00	6.570428e+00	5.501559e+00	1.104143e+01	1.030789e+01	9.285394e+00	8.253932e+00	7.341164e+00	1.310987e+01	1.145515e+01	9.707417e+00	1.077160e+01
39500	1.210136e+01	1.242538e+01	1.134582e+01	9.663966e+00	7.966352e+00	6.548058e+00	5.484032e+00	1.103461e+01	1.029492e+01	9.269479e+00	8.237526e+00	7.325571e+00	1.308744e+01	1.142722e+01	9.679518e+00	1.075510e+01
39600	1.210357e+01	1.241293e+01	1.132251e+01	9.636395e+00	7.940005e+00	6.525850e+00	5.466653e+00	1.102773e+01	1.028194e+01	9.253605e+00	8.221187e+00	7.310050e+00	1.306501e+01	1.139938e+01	9.651759e+00	1.073862e+01
39700	1.210570e+01	1.240046e+01	1.129925e+01	9.608936e+00	7.913811e+00	6.503804e+00	5.449422e+00	1.102080e+01	1.026897e+01	9.237775e+00	8.204915e+00	7.294603e+00	1.304261e+01	1.137163e+01	9.624141e+00	1.072218e+01
39800	1.210775e+01	1.238797e+01	1.127603e+01	9.581595e+00	7.887774e+00	6.481921e+00	5.432338e+00	1.101382e+01	1.025600e+01	9.221989e+00	8.188711e+00	7.279228e+00	1.302024e+01	1.134398e+01	9.596668e+00	1.070576e+01
39900	1.210974e+01	1.237546e+01	1.125288e+01	9.554377e+00	7.861897e+00	6.460204e+00	5.415402e+00	1.100678e+01	1.024303e+01	9.206250e+00	8.172574e+00	7.263924e+00	1.299790e+01	1.131643e+01	9.569342e+00	1.068937e+01
40000	1.211166e+01	1.236295e+01	1.122979e+01	9.527287e+00	7.836183e+00	6.438654e+00	5.398612e+00	1.099969e+01	1.023007e+01	9.190557e+00	8.156507e+00	7.248693e+00	1.297560e+01	1.128899e+01	9.542166e+00	1.067301e+01
40100	1.211351e+01	1.235043e+01	1.120677e+01	9.500333e+00	7.810636e+00	6.417271e+00	5.381969e+00	1.099255e+01	1.021711e+01	9.174912e+00	8.140508e+00	7.233533e+00	1.295334e+01	1.126166e+01	9.515142e+00	1.065668e+01
40200	1.211530e+01	1.233792e+01	1.118384e+01	9.473518e+00	7.785259e+00	6.396057e+00	5.365473e+00	1.098536e+01	1.020416e+01	9.159317e+00	8.124579e+00	7.218444e+00	1.293113e+01	1.123445e+01	9.488273e+00	1.064037e+01
40300	1.211704e+01	1.232541e+01	1.116098e+01	9.446849e+00	7.760056e+00	6.375013e+00	5.349122e+00	1.097811e+01	1.019122e+01	9.143773e+00	8.108720e+00	7.203426e+00	1.290897e+01	1.120737e+01	9.461561e+00	1.062410e+01
40400	1.211873e+01	1.231292e+01	1.113822e+01	9.420332e+00	7.735031e+00	6.354141e+00	5.332916e+00	1.097082e+01	1.017829e+01	9.128280e+00	8.092931e+00	7.188477e+00	1.288687e+01	1.118040e+01	9.435010e+00	1.060785e+01
40500	1.212037e+01	1.230046e+01	1.111557e+01	9.393971e+00	7.710186e+00	6.333441e+00	5.316856e+00	1.096348e+01	1.016537e+01	9.112840e+00	8.077213e+00	7.173599e+00	1.286484e+01	1.115357e+01	9.408621e+00	1.059164e+01
40600	1.212196e+01	1.228802e+01	1.109301e+01	9.367773e+00	7.685525e+00	6.312916e+00	5.300941e+00	1.095609e+01	1.015246e+01	9.097454e+00	8.061567e+00	7.158790e+00	1.284288e+01	1.112687e+01	9.382397e+00	1.057545e+01
40700	1.212352e+01	1.227562e+01	1.107057e+01	9.341744e+00	7.661051e+00	6.292566e+00	5.285170e+00	1.094866e+01	1.013957e+01	9.082123e+00	8.045993e+00	7.144051e+00	1.282100e+01	1.110031e+01	9.356340e+00	1.055929e+01
40800	1.212503e+01	1.226326e+01	1.104825e+01	9.315887e+00	7.636767e+00	6.272390e+00	5.269543e+00	1.094118e+01	1.012669e+01	9.066849e+00	8.030490e+00	7.129379e+00	1.279919e+01	1.107389e+01	9.330453e+00	1.054316e+01
40900	1.212651e+01	1.225094e+01	1.102605e+01	9.290202e+00	7.612670e+00	6.252387e+00	5.254055e+00	1.093365e+01	1.011383e+01	9.051628e+00	8.015055e+00	7.114772e+00	1.277747e+01	1.104762e+01	9.304731e+00	1.052706e+01
41000	1.212796e+01	1.223866e+01	1.100398e+01	9.264688e+00	7.588758e+00	6.232552e+00	5.238703e+00	1.092608e+01	1.010098e+01	9.036459e+00	7.999687e+00	7.100227e+00	1.275583e+01	1.102148e+01	9.279172e+00	1.051098e+01
41100	1.212937e+01	1.222643e+01	1.098202e+01	9.239343e+00	7.565027e+00	6.212882e+00	5.223484e+00	1.091846e+01	1.008815e+01	9.021340e+00	7.984382e+00	7.085742e+00	1.273426e+01	1.099548e+01	9.253773e+00	1.049491e+01
41200	1.213074e+01	1.221425e+01	1.096018e+01	9.214167e+00	7.541474e+00	6.193372e+00	5.208393e+00	1.091080e+01	1.007532e+01	9.006268e+00	7.969138e+00	7.071313e+00	1.271278e+01	1.096962e+01	9.228531e+00	1.047887e+01
41300	1.213208e+01	1.220211e+01	1.093847e+01	9.189156e+00	7.518097e+00	6.174020e+00	5.193428e+00	1.090309e+01	1.006251e+01	8.991243e+00	7.953951e+00	7.056938e+00	1.269138e+01	1.094388e+01	9.203441e+00	1.046283e+01
41400	1.213340e+01	1.219003e+01	1.091688e+01	9.164310e+00	7.494892e+00	6.154820e+00	5.178584e+00	1.089534e+01	1.004971e+01	8.976261e+00	7.938821e+00	7.042614e+00	1.267005e+01	1.091828e+01	9.178501e+00	1.044681e+01
41500	1.213468e+01	1.217799e+01	1.089541e+01	9.139627e+00	7.471856e+00	6.135770e+00	5.163858e+00	1.088755e+01	1.003691e+01	8.961321e+00	7.923742e+00	7.028338e+00	1.264881e+01	1.089281e+01	9.153708e+00	1.043079e+01
41600	1.213593e+01	1.216600e+01	1.087406e+01	9.115104e+00	7.448985e+00	6.116866e+00	5.149247e+00	1.087970e+01	1.002413e+01	8.946420e+00	7.908714e+00	7.014109e+00	1.262764e+01	1.086747e+01	9.129058e+00	1.041478e+01
41700	1.213716e+01	1.215407e+01	1.085283e+01	9.090742e+00	7.426279e+00	6.098105e+00	5.134747e+00	1.087182e+01	1.001135e+01	8.931558e+00	7.893734e+00	6.999923e+00	1.260655e+01	1.084225e+01	9.104549e+00	1.039877e+01
41800	1.213837e+01	1.214219e+01	1.083173e+01	9.066541e+00	7.403736e+00	6.079487e+00	5.120360e+00	1.086389e+01	9.998581e+00	8.916734e+00	7.878803e+00	6.985782e+00	1.258554e+01	1.081716e+01	9.080181e+00	1.038277e+01
41900	1.213955e+01	1.213037e+01	1.081075e+01	9.042502e+00	7.381357e+00	6.061011e+00	5.106083e+00	1.085593e+01	9.985820e+00	8.901949e+00	7.863920e+00	6.971686e+00	1.256461e+01	1.079219e+01	9.055955e+00	1.036676e+01
42000	1.214071e+01	1.211860e+01	1.078990e+01	9.018627e+00	7.359142e+00	6.042677e+00	5.091918e+00	1.084792e+01	9.973069e+00	8.887203e+00	7.849085e+00	6.957636e+00	1.254377e+01	1.076736e+01	9.031870e+00	1.035076e+01
42100	1.214186e+01	1.210690e+01	1.076919e+01	8.994916e+00	7.337092e+00	6.024486e+00	5.077864e+00	1.083988e+01	9.960328e+00	8.872497e+00	7.834300e+00	6.943631e+00	1.252301e+01	1.074265e+01	9.007927e+00	1.033476e+01
42200	1.214299e+01	1.209527e+01	1.074860e+01	8.971370e+00	7.315207e+00	6.006437e+00	5.063920e+00	1.083179e+01	9.947598e+00	8.857830e+00	7.819565e+00	6.929673e+00	1.250234e+01	1.071808e+01	8.984127e+00	1.031877e+01
42300	1.214410e+01	1.208370e+01	1.072815e+01	8.947992e+00	7.293488e+00	5.988530e+00	5.050088e+00	1.082368e+01	9.934880e+00	8.843204e+00	7.804879e+00	6.915761e+00	1.248175e+01	1.069363e+01	8.960470e+00	1.030278e+01
42400	1.214521e+01	1.207221e+01	1.070784e+01	8.924782e+00	7.271934e+00	5.970765e+00	5.036366e+00	1.081553e+01	9.922175e+00	8.828618e+00	7.790244e+00	6.901898e+00	1.246126e+01	1.066932e+01	8.936956e+00	1.028679e+01
42500	1.214630e+01	1.206078e+01	1.068766e+01	8.901738e+00	7.250545e+00	5.953142e+00	5.022755e+00	1.080734e+01	9.909483e+00	8.814073e+00	7.775659e+00	6.888082e+00	1.244085e+01	1.064514e+01	8.913585e+00	1.027080e+01
42600	1.214738e+01	1.204942e+01	1.066761e+01	8.878857e+00	7.229317e+00	5.935658e+00	5.009252e+00	1.079912e+01	9.896803e+00	8.799569e+00	7.761124e+00	6.874314e+00	1.242053e+01	1.062109e+01	8.890354e+00	1.025482e+01
42700	1.214844e+01	1.203811e+01	1.064768e+01	8.856136e+00	7.208250e+00	5.918312e+00	4.995859e+00	1.079087e+01	9.884137e+00	8.785105e+00	7.746640e+00	6.860595e+00	1.240029e+01	1.059717e+01	8.867263e+00	1.023884e+01
42800	1.214947e+01	1.202686e+01	1.062788e+01	8.833572e+00	7.187341e+00	5.901104e+00	4.982573e+00	1.078259e+01	9.871483e+00	8.770681e+00	7.732205e+00	6.846924e+00	1.238013e+01	1.057337e+01	8.844311e+00	1.022287e+01
42900	1.215048e+01	1.201565e+01	1.060820e+01	8.811161e+00	7.166586e+00	5.884030e+00	4.969394e+00	1.077428e+01	9.858841e+00	8.756297e+00	7.717821e+00	6.833302e+00	1.236005e+01	1.054969e+01	8.821494e+00	1.020691e+01
43000	1.215145e+01	1.200449e+01	1.058863e+01	8.788900e+00	7.145985e+00	5.867091e+00	4.956322e+00	1.076593e+01	9.846212e+00	8.741952e+00	7.703486e+00	6.819730e+00	1.234005e+01	1.052613e+01	8.798812e+00	1.019095e+01
43100	1.215238e+01	1.199337e+01	1.056916e+01	8.766785e+00	7.125534e+00	5.850284e+00	4.943355e+00	1.075755e+01	9.833595e+00	8.727647e+00	7.689202e+00	6.806207e+00	1.232011e+01	1.050269e+01	8.776263e+00	1.017501e+01
43200	1.215328e+01	1.198228e+01	1.054980e+01	8.744812e+00	7.105231e+00	5.833608e+00	4.930493e+00	1.074915e+01	9.820991e+00	8.713382e+00	7.674968e+00	6.792733e+00	1.230024e+01	1.047937e+01	8.753846e+00	1.015907e+01
43300	1.215413e+01	1.197122e+01	1.053054e+01	8.722980e+00	7.085075e+00	5.817062e+00	4.917735e+00	1.074071e+01	9.808398e+00	8.699155e+00	7.660783e+00	6.779310e+00	1.228044e+01	1.045616e+01	8.731559e+00	1.014314e+01
43400	1.215493e+01	1.196019e+01	1.051138e+01	8.701283e+00	7.065062e+00	5.800644e+00	4.905080e+00	1.073224e+01	9.795818e+00	8.684967e+00	7.646649e+00	6.765937e+00	1.226070e+01	1.043305e+01	8.709401e+00	1.012723e+01
43500	1.215568e+01	1.194917e+01	1.049231e+01	8.679720e+00	7.045190e+00	5.784353e+00	4.892527e+00	1.072375e+01	9.783250e+00	8.670817e+00	7.632564e+00	6.752614e+00	1.224101e+01	1.041006e+01	8.687369e+00	1.011133e+01
43600	1.215636e+01	1.193817e+01	1.047332e+01	8.658285e+00	7.025457e+00	5.768187e+00	4.880076e+00	1.071522e+01	9.770694e+00	8.656706e+00	7.618529e+00	6.739342e+00	1.222138e+01	1.038717e+01	8.665463e+00	1.009544e+01
43700	1.215699e+01	1.192718e+01	1.045441e+01	8.636976e+00	7.005861e+00	5.752144e+00	4.867725e+00	1.070666e+01	9.758149e+00	8.642633e+00	7.604542e+00	6.726120e+00	1.220181e+01	1.036439e+01	8.643680e+00	1.007957e+01
43800	1.215755e+01	1.191619e+01	1.043558e+01	8.615790e+00	6.986399e+00	5.736224e+00	4.855474e+00	1.069808e+01	9.745616e+00	8.628597e+00	7.590605e+00	6.712948e+00	1.218228e+01	1.034171e+01	8.622018e+00	1.006371e+01
43900	1.215805e+01	1.190520e+01	1.041682e+01	8.594723e+00	6.967068e+00	5.720424e+00	4.843322e+00	1.068947e+01	9.733094e+00	8.614598e+00	7.576716e+00	6.699827e+00	1.216280e+01	1.031912e+01	8.600477e+00	1.004786e+01
44000	1.215846e+01	1.189420e+01	1.039813e+01	8.573771e+00	6.947867e+00	5.704743e+00	4.831267e+00	1.068083e+01	9.720583e+00	8.600636e+00	7.562876e+00	6.686756e+00	1.214336e+01	1.029663e+01	8.579054e+00	1.003203e+01
44100	1.215880e+01	1.188319e+01	1.037951e+01	8.552931e+00	6.928792e+00	5.689178e+00	4.819309e+00	1.067216e+01	9.708083e+00	8.586710e+00	7.549084e+00	6.673735e+00	1.212397e+01	1.027424e+01	8.557747e+00	1.001622e+01
44200	1.215906e+01	1.187217e+01	1.036094e+01	8.532200e+00	6.909841e+00	5.673730e+00	4.807446e+00	1.066347e+01	9.695594e+00	8.572820e+00	7.535338e+00	6.660763e+00	1.210460e+01	1.025194e+01	8.536553e+00	1.000043e+01
44300	1.215923e+01	1.186112e+01	1.034243e+01	8.511573e+00	6.891012e+00	5.658394e+00	4.795677e+00	1.065475e+01	9.683115e+00	8.558965e+00	7.521639e+00	6.647839e+00	1.208528e+01	1.022972e+01	8.515472e+00	9.984648e+00
44400	1.215931e+01	1.185005e+01	1.032397e+01	8.491048e+00	6.872302e+00	5.643170e+00	4.784000e+00	1.064600e+01	9.670647e+00	8.545145e+00	7.507986e+00	6.634963e+00	1.206598e+01	1.020759e+01	8.494501e+00	9.968888e+00
44500	1.215929e+01	1.183895e+01	1.030555e+01	8.470620e+00	6.853707e+00	5.628055e+00	4.772413e+00	1.063723e+01	9.658188e+00	8.531358e+00	7.494378e+00	6.622133e+00	1.204671e+01	1.018554e+01	8.473638e+00	9.953147e+00
44600	1.215918e+01	1.182781e+01	1.028717e+01	8.450287e+00	6.835227e+00	5.613048e+00	4.760916e+00	1.062843e+01	9.645739e+00	8.517605e+00	7.480814e+00	6.609349e+00	1.202747e+01	1.016357e+01	8.452880e+00	9.937425e+00
44700	1.215896e+01	1.181663e+01	1.026883e+01	8.430044e+00	6.816857e+00	5.598146e+00	4.749507e+00	1.061961e+01	9.633299e+00	8.503885e+00	7.467294e+00	6.596611e+00	1.200824e+01	1.014168e+01	8.432225e+00	9.921721e+00
44800	1.215863e+01	1.180541e+01	1.025053e+01	8.409889e+00	6.798596e+00	5.583348e+00	4.738184e+00	1.061076e+01	9.620869e+00	8.490198e+00	7.453817e+00	6.583917e+00	1.198903e+01	1.011987e+01	8.411673e+00	9.906037e+00
44900	1.215820e+01	1.179413e+01	1.023225e+01	8.389817e+00	6.780441e+00	5.568653e+00	4.726946e+00	1.060189e+01	9.608447e+00	8.476542e+00	7.440382e+00	6.571267e+00	1.196984e+01	1.009813e+01	8.391219e+00	9.890374e+00
45000	1.215764e+01	1.178280e+01	1.021399e+01	8.369826e+00	6.762389e+00	5.554057e+00	4.715792e+00	1.059299e+01	9.596035e+00	8.462917e+00	7.426989e+00	6.558660e+00	1.195066e+01	1.007645e+01	8.370863e+00	9.874731e+00
