300	1.244479e+02	1.208067e+02	1.180803e+02	1.159014e+02	1.140869e+02	1.125323e+02	1.111726e+02	5.814613e+01	5.775533e+01	5.654806e+01	5.495659e+01	5.320954e+01	1.180803e+02	1.159014e+02	1.140869e+02	6.031281e+01
400	1.214610e+02	1.178618e+02	1.151670e+02	1.130134e+02	1.112199e+02	1.096833e+02	1.083393e+02	5.698054e+01	5.534008e+01	5.320010e+01	5.093936e+01	4.874112e+01	1.151670e+02	1.130134e+02	1.112199e+02	5.680594e+01
500	1.191692e+02	1.156026e+02	1.129323e+02	1.107982e+02	1.090210e+02	1.074985e+02	1.061667e+02	5.509862e+01	5.260898e+01	4.993570e+01	4.738922e+01	4.509595e+01	1.129323e+02	1.107982e+02	1.090210e+02	5.356381e+01
600	1.173128e+02	1.137730e+02	1.111226e+02	1.090045e+02	1.072407e+02	1.057295e+02	1.044078e+02	5.310551e+01	5.006527e+01	4.711906e+01	4.450337e+01	4.227704e+01	1.111226e+02	1.090045e+02	1.072407e+02	5.075130e+01
700	1.157547e+02	1.122374e+02	1.096039e+02	1.074994e+02	1.057468e+02	1.042453e+02	1.029320e+02	5.108368e+01	4.772440e+01	4.470578e+01	4.216351e+01	4.008085e+01	1.096039e+02	1.074994e+02	1.057468e+02	4.828963e+01
800	1.144134e+02	1.109156e+02	1.082968e+02	1.062039e+02	1.044611e+02	1.029680e+02	1.016621e+02	4.929345e+01	4.574196e+01	4.272503e+01	4.028848e+01	3.835044e+01	1.082968e+02	1.062039e+02	1.044611e+02	4.621455e+01
900	1.132368e+02	1.097562e+02	1.071503e+02	1.050678e+02	1.033336e+02	1.018479e+02	1.005484e+02	4.757750e+01	4.397820e+01	4.104849e+01	3.874979e+01	3.695506e+01	1.071503e+02	1.050678e+02	1.033336e+02	4.441240e+01
1000	1.121894e+02	1.087242e+02	1.061299e+02	1.040566e+02	1.023301e+02	1.008510e+02	9.955729e+01	4.602789e+01	4.244487e+01	3.963052e+01	3.747031e+01	3.580403e+01	1.061299e+02	1.040566e+02	1.023301e+02	4.286873e+01
1100	1.112462e+02	1.077949e+02	1.052110e+02	1.031461e+02	1.014266e+02	9.995347e+01	9.866496e+01	4.469491e+01	4.113725e+01	3.843026e+01	3.639290e+01	3.483790e+01	1.052110e+02	1.031461e+02	1.014266e+02	4.153975e+01
1200	1.103885e+02	1.069500e+02	1.043757e+02	1.023184e+02	1.006052e+02	9.913753e+01	9.785380e+01	4.348965e+01	3.999510e+01	3.740278e+01	3.548147e+01	3.402597e+01	1.043757e+02	1.023184e+02	1.006052e+02	4.038500e+01
1300	1.096025e+02	1.061757e+02	1.036101e+02	1.015599e+02	9.985255e+01	9.838988e+01	9.711054e+01	4.238541e+01	3.898163e+01	3.650443e+01	3.468829e+01	3.331915e+01	1.036101e+02	1.015599e+02	9.985255e+01	3.936606e+01
1400	1.088773e+02	1.054613e+02	1.029038e+02	1.008601e+02	9.915820e+01	9.770017e+01	9.642489e+01	4.137484e+01	3.807751e+01	3.571130e+01	3.398666e+01	3.268642e+01	1.029038e+02	1.008601e+02	9.915820e+01	3.846124e+01
1500	1.082042e+02	1.047983e+02	1.022485e+02	1.002108e+02	9.851393e+01	9.706023e+01	9.578873e+01	4.046894e+01	3.728467e+01	3.503038e+01	3.339615e+01	3.216095e+01	1.022485e+02	1.002108e+02	9.851393e+01	3.768299e+01
1600	1.075766e+02	1.041801e+02	1.016373e+02	9.960529e+01	9.791316e+01	9.646350e+01	9.519554e+01	3.964490e+01	3.655921e+01	3.439673e+01	3.283248e+01	3.164504e+01	1.016373e+02	9.960529e+01	9.791316e+01	3.695692e+01
1700	1.069886e+02	1.036010e+02	1.010649e+02	9.903818e+01	9.735048e+01	9.590462e+01	9.463998e+01	3.890800e+01	3.590973e+01	3.382783e+01	3.232206e+01	3.117060e+01	1.010649e+02	9.903818e+01	9.735048e+01	3.629980e+01
1800	1.064358e+02	1.030565e+02	1.005267e+02	9.850497e+01	9.682144e+01	9.537917e+01	9.411767e+01	3.825318e+01	3.534440e+01	3.334238e+01	3.189052e+01	3.076562e+01	1.005267e+02	9.850497e+01	9.682144e+01	3.574281e+01
1900	1.059141e+02	1.025428e+02	1.000189e+02	9.800191e+01	9.632234e+01	9.488345e+01	9.362492e+01	3.764428e+01	3.482064e+01	3.288815e+01	3.147968e+01	3.037295e+01	1.000189e+02	9.800191e+01	9.632234e+01	3.522405e+01
2000	1.054204e+02	1.020566e+02	9.953830e+01	9.752585e+01	9.585003e+01	9.441436e+01	9.315863e+01	3.706473e+01	3.431515e+01	3.243853e+01	3.106373e+01	2.997115e+01	9.953830e+01	9.752585e+01	9.585003e+01	3.470833e+01
2100	1.049519e+02	1.015952e+02	9.908226e+01	9.707409e+01	9.540184e+01	9.396922e+01	9.271618e+01	3.653066e+01	3.385175e+01	3.202388e+01	3.067481e+01	2.958943e+01	9.908226e+01	9.707409e+01	9.540184e+01	3.423274e+01
2200	1.045062e+02	1.011563e+02	9.864842e+01	9.664433e+01	9.497548e+01	9.354578e+01	9.229528e+01	3.604934e+01	3.344608e+01	3.166434e+01	3.033310e+01	2.924470e+01	9.864842e+01	9.664433e+01	9.497548e+01	3.382692e+01
2300	1.040811e+02	1.007377e+02	9.823474e+01	9.623456e+01	9.456895e+01	9.314204e+01	9.189398e+01	3.560393e+01	3.307114e+01	3.132868e+01	3.000893e+01	2.891313e+01	9.823474e+01	9.623456e+01	9.456895e+01	3.345424e+01
2400	1.036750e+02	1.003378e+02	9.783949e+01	9.584304e+01	9.418055e+01	9.275630e+01	9.151058e+01	3.517990e+01	3.270965e+01	3.099975e+01	2.968783e+01	2.858418e+01	9.783949e+01	9.584304e+01	9.418055e+01	3.309106e+01
2500	1.032862e+02	9.995496e+01	9.746113e+01	9.546826e+01	9.380875e+01	9.238706e+01	9.114357e+01	3.476805e+01	3.235244e+01	3.067049e+01	2.936587e+01	2.825683e+01	9.746113e+01	9.546826e+01	9.380875e+01	3.272577e+01
2600	1.029133e+02	9.958782e+01	9.709829e+01	9.510886e+01	9.345222e+01	9.203299e+01	9.079165e+01	3.437191e+01	3.200297e+01	3.034408e+01	2.904538e+01	2.793236e+01	9.709829e+01	9.510886e+01	9.345222e+01	3.236509e+01
2700	1.025551e+02	9.923517e+01	9.674979e+01	9.476367e+01	9.310979e+01	9.169292e+01	9.045366e+01	3.400779e+01	3.168148e+01	3.003993e+01	2.874181e+01	2.762146e+01	9.674979e+01	9.476367e+01	9.310979e+01	3.203361e+01
2800	1.022106e+02	9.889595e+01	9.641455e+01	9.443162e+01	9.278040e+01	9.136582e+01	9.012854e+01	3.368028e+01	3.139364e+01	2.976356e+01	2.845967e+01	2.732733e+01	9.641455e+01	9.443162e+01	9.278040e+01	3.173749e+01
2900	1.018787e+02	9.856918e+01	9.609163e+01	9.411178e+01	9.246312e+01	9.105074e+01	8.981539e+01	3.337305e+01	3.112083e+01	2.949808e+01	2.818607e+01	2.704134e+01	9.609163e+01	9.411178e+01	9.246312e+01	3.145845e+01
3000	1.015585e+02	9.825400e+01	9.578017e+01	9.380329e+01	9.215712e+01	9.074685e+01	8.951337e+01	3.308084e+01	3.085854e+01	2.924063e+01	2.791989e+01	2.676360e+01	9.578017e+01	9.380329e+01	9.215712e+01	3.119054e+01
3100	1.012494e+02	9.794964e+01	9.547940e+01	9.350540e+01	9.186162e+01	9.045342e+01	8.922173e+01	3.279674e+01	3.060009e+01	2.898599e+01	2.765785e+01	2.649246e+01	9.547940e+01	9.350540e+01	9.186162e+01	3.092536e+01
3200	1.009505e+02	9.765539e+01	9.518863e+01	9.321742e+01	9.157596e+01	9.016975e+01	8.893980e+01	3.252009e+01	3.034523e+01	2.873391e+01	2.739939e+01	2.622702e+01	9.518863e+01	9.321742e+01	9.157596e+01	3.066213e+01
3300	1.006612e+02	9.737061e+01	9.490723e+01	9.293872e+01	9.129952e+01	8.989523e+01	8.866696e+01	3.224438e+01	3.008920e+01	2.848170e+01	2.714343e+01	2.596699e+01	9.490723e+01	9.293872e+01	9.129952e+01	3.039843e+01
3400	1.003810e+02	9.709474e+01	9.463463e+01	9.266874e+01	9.103172e+01	8.962930e+01	8.840267e+01	3.197192e+01	2.983503e+01	2.823223e+01	2.689237e+01	2.571420e+01	9.463463e+01	9.266874e+01	9.103172e+01	3.013795e+01
3500	1.001092e+02	9.682724e+01	9.437031e+01	9.240696e+01	9.077206e+01	8.937146e+01	8.814642e+01	3.171033e+01	2.958881e+01	2.798899e+01	2.664751e+01	2.546866e+01	9.437031e+01	9.240696e+01	9.077206e+01	2.988686e+01
3600	9.984550e+01	9.656763e+01	9.411379e+01	9.215291e+01	9.052007e+01	8.912123e+01	8.789774e+01	3.146928e+01	2.935872e+01	2.775734e+01	2.641151e+01	2.523115e+01	9.411379e+01	9.215291e+01	9.052007e+01	2.965031e+01
3700	9.958933e+01	9.631546e+01	9.386463e+01	9.190616e+01	9.027531e+01	8.887820e+01	8.765621e+01	3.124571e+01	2.914279e+01	2.753658e+01	2.618443e+01	2.500191e+01	9.386463e+01	9.190616e+01	9.027531e+01	2.942712e+01
3800	9.934031e+01	9.607034e+01	9.362243e+01	9.166630e+01	9.003741e+01	8.864196e+01	8.742143e+01	3.103265e+01	2.893589e+01	2.732400e+01	2.596539e+01	2.478100e+01	9.362243e+01	9.166630e+01	9.003741e+01	2.921328e+01
3900	9.909805e+01	9.583188e+01	9.338682e+01	9.143297e+01	8.980598e+01	8.841216e+01	8.719306e+01	3.082715e+01	2.873570e+01	2.711805e+01	2.575345e+01	2.456779e+01	9.338682e+01	9.143297e+01	8.980598e+01	2.900734e+01
4000	9.886222e+01	9.559975e+01	9.315747e+01	9.120583e+01	8.958069e+01	8.818846e+01	8.697075e+01	3.062415e+01	2.853711e+01	2.691434e+01	2.554524e+01	2.435988e+01	9.315747e+01	9.120583e+01	8.958069e+01	2.880504e+01
4100	9.863248e+01	9.537362e+01	9.293404e+01	9.098458e+01	8.936124e+01	8.797056e+01	8.675420e+01	3.042318e+01	2.833985e+01	2.671283e+01	2.534079e+01	2.415720e+01	9.293404e+01	9.098458e+01	8.936124e+01	2.860453e+01
4200	9.840853e+01	9.515319e+01	9.271626e+01	9.076891e+01	8.914734e+01	8.775816e+01	8.654313e+01	3.022715e+01	2.814704e+01	2.651616e+01	2.514195e+01	2.396082e+01	9.271626e+01	9.076891e+01	8.914734e+01	2.840738e+01
4300	9.819010e+01	9.493820e+01	9.250385e+01	9.055857e+01	8.893871e+01	8.755101e+01	8.633727e+01	3.003565e+01	2.795885e+01	2.632489e+01	2.494932e+01	2.377119e+01	9.250385e+01	9.055857e+01	8.893871e+01	2.821382e+01
4400	9.797692e+01	9.472839e+01	9.229656e+01	9.035329e+01	8.873512e+01	8.734886e+01	8.613637e+01	2.984670e+01	2.777361e+01	2.613765e+01	2.476181e+01	2.358743e+01	9.229656e+01	9.035329e+01	8.873512e+01	2.802363e+01
4500	9.776876e+01	9.452352e+01	9.209415e+01	9.015286e+01	8.853633e+01	8.715148e+01	8.594022e+01	2.965615e+01	2.758790e+01	2.595190e+01	2.457766e+01	2.340831e+01	9.209415e+01	9.015286e+01	8.853633e+01	2.783585e+01
4600	9.756539e+01	9.432336e+01	9.189641e+01	8.995704e+01	8.834212e+01	8.695864e+01	8.574859e+01	2.946317e+01	2.740115e+01	2.576739e+01	2.439669e+01	2.323365e+01	9.189641e+01	8.995704e+01	8.834212e+01	2.765005e+01
4700	9.736660e+01	9.412772e+01	9.170312e+01	8.976564e+01	8.815229e+01	8.677016e+01	8.556129e+01	2.927133e+01	2.721591e+01	2.558561e+01	2.421971e+01	2.306381e+01	9.170312e+01	8.976564e+01	8.815229e+01	2.746679e+01
4800	9.717219e+01	9.393639e+01	9.151410e+01	8.957846e+01	8.796665e+01	8.658585e+01	8.537813e+01	2.908491e+01	2.703531e+01	2.540850e+01	2.404773e+01	2.289923e+01	9.151410e+01	8.957846e+01	8.796665e+01	2.728770e+01
4900	9.698198e+01	9.374919e+01	9.132916e+01	8.939534e+01	8.778503e+01	8.640552e+01	8.519894e+01	2.890786e+01	2.686198e+01	2.523739e+01	2.388125e+01	2.273995e+01	9.132916e+01	8.939534e+01	8.778503e+01	2.711421e+01
5000	9.679579e+01	9.356595e+01	9.114815e+01	8.921609e+01	8.760727e+01	8.622902e+01	8.502354e+01	2.874224e+01	2.669692e+01	2.507239e+01	2.371986e+01	2.258540e+01	9.114815e+01	8.921609e+01	8.760727e+01	2.694739e+01
5100	9.661347e+01	9.338652e+01	9.097089e+01	8.904057e+01	8.743319e+01	8.605618e+01	8.485179e+01	2.858382e+01	2.653759e+01	2.491226e+01	2.356302e+01	2.243530e+01	9.097089e+01	8.904057e+01	8.743319e+01	2.678619e+01
5200	9.643485e+01	9.321074e+01	9.079724e+01	8.886862e+01	8.726266e+01	8.588687e+01	8.468355e+01	2.842989e+01	2.638215e+01	2.475598e+01	2.341020e+01	2.228935e+01	9.079724e+01	8.886862e+01	8.726266e+01	2.662947e+01
5300	9.625979e+01	9.303847e+01	9.062705e+01	8.870011e+01	8.709555e+01	8.572095e+01	8.451867e+01	2.827923e+01	2.622988e+01	2.460321e+01	2.326127e+01	2.214749e+01	9.062705e+01	8.870011e+01	8.709555e+01	2.647653e+01
5400	9.608816e+01	9.286958e+01	9.046021e+01	8.853491e+01	8.693171e+01	8.555828e+01	8.435703e+01	2.813140e+01	2.608066e+01	2.445402e+01	2.311631e+01	2.200974e+01	9.046021e+01	8.853491e+01	8.693171e+01	2.632698e+01
5500	9.591983e+01	9.270393e+01	9.029657e+01	8.837288e+01	8.677102e+01	8.539875e+01	8.419850e+01	2.798566e+01	2.593408e+01	2.430813e+01	2.297509e+01	2.187584e+01	9.029657e+01	8.837288e+01	8.677102e+01	2.618014e+01
5600	9.575467e+01	9.254141e+01	9.013603e+01	8.821392e+01	8.661338e+01	8.524223e+01	8.404297e+01	2.784112e+01	2.578940e+01	2.416492e+01	2.283706e+01	2.174535e+01	9.013603e+01	8.821392e+01	8.661338e+01	2.603536e+01
5700	9.559258e+01	9.238190e+01	8.997847e+01	8.805791e+01	8.645866e+01	8.508863e+01	8.389034e+01	2.769945e+01	2.564772e+01	2.402498e+01	2.270244e+01	2.161826e+01	8.997847e+01	8.805791e+01	8.645866e+01	2.589302e+01
5800	9.543344e+01	9.222531e+01	8.982378e+01	8.790475e+01	8.630677e+01	8.493783e+01	8.374049e+01	2.756068e+01	2.550906e+01	2.388825e+01	2.257115e+01	2.149448e+01	8.982378e+01	8.790475e+01	8.630677e+01	2.575328e+01
5900	9.527715e+01	9.207152e+01	8.967186e+01	8.775433e+01	8.615761e+01	8.478973e+01	8.359333e+01	2.742414e+01	2.537284e+01	2.375436e+01	2.244297e+01	2.137387e+01	8.967186e+01	8.775433e+01	8.615761e+01	2.561619e+01
6000	9.512362e+01	9.192044e+01	8.952263e+01	8.760657e+01	8.601107e+01	8.464425e+01	8.344877e+01	2.728967e+01	2.523907e+01	2.362336e+01	2.231791e+01	2.125640e+01	8.952263e+01	8.760657e+01	8.601107e+01	2.548180e+01
6100	9.497274e+01	9.177198e+01	8.937598e+01	8.746137e+01	8.586708e+01	8.450130e+01	8.330673e+01	2.715708e+01	2.510767e+01	2.349523e+01	2.219596e+01	2.114202e+01	8.937598e+01	8.746137e+01	8.586708e+01	2.535009e+01
6200	9.482443e+01	9.162605e+01	8.923183e+01	8.731865e+01	8.572555e+01	8.436079e+01	8.316711e+01	2.702596e+01	2.497835e+01	2.336969e+01	2.207684e+01	2.103049e+01	8.923183e+01	8.731865e+01	8.572555e+01	2.522077e+01
6300	9.467861e+01	9.148256e+01	8.909010e+01	8.717833e+01	8.558640e+01	8.422263e+01	8.302983e+01	2.689584e+01	2.485072e+01	2.324643e+01	2.196030e+01	2.092158e+01	8.909010e+01	8.717833e+01	8.558640e+01	2.509355e+01
6400	9.453519e+01	9.134145e+01	8.895072e+01	8.704032e+01	8.544955e+01	8.408677e+01	8.289483e+01	2.676666e+01	2.472482e+01	2.312548e+01	2.184632e+01	2.081523e+01	8.895072e+01	8.704032e+01	8.544955e+01	2.496821e+01
6500	9.439410e+01	9.120263e+01	8.881360e+01	8.690456e+01	8.531492e+01	8.395312e+01	8.276203e+01	2.663832e+01	2.460056e+01	2.300677e+01	2.173481e+01	2.071136e+01	8.881360e+01	8.690456e+01	8.531492e+01	2.484475e+01
6600	9.425527e+01	9.106604e+01	8.867868e+01	8.677098e+01	8.518246e+01	8.382161e+01	8.263135e+01	2.650988e+01	2.447743e+01	2.289001e+01	2.162561e+01	2.060985e+01	8.867868e+01	8.677098e+01	8.518246e+01	2.472318e+01
6700	9.411863e+01	9.093159e+01	8.854588e+01	8.663951e+01	8.505208e+01	8.369218e+01	8.250275e+01	2.638182e+01	2.435572e+01	2.277534e+01	2.151876e+01	2.051068e+01	8.854588e+01	8.663951e+01	8.505208e+01	2.460365e+01
6800	9.398411e+01	9.079924e+01	8.841515e+01	8.651008e+01	8.492374e+01	8.356476e+01	8.237614e+01	2.625505e+01	2.423587e+01	2.266293e+01	2.141430e+01	2.041383e+01	8.841515e+01	8.651008e+01	8.492374e+01	2.448638e+01
6900	9.385165e+01	9.066891e+01	8.828643e+01	8.638263e+01	8.479736e+01	8.343930e+01	8.225148e+01	2.613040e+01	2.411827e+01	2.255288e+01	2.131219e+01	2.031922e+01	8.828643e+01	8.638263e+01	8.479736e+01	2.437144e+01
7000	9.372119e+01	9.054055e+01	8.815965e+01	8.625711e+01	8.467289e+01	8.331573e+01	8.212870e+01	2.600855e+01	2.400314e+01	2.244515e+01	2.121228e+01	2.022667e+01	8.815965e+01	8.625711e+01	8.467289e+01	2.425876e+01
7100	9.359266e+01	9.041410e+01	8.803475e+01	8.613346e+01	8.455028e+01	8.319401e+01	8.200776e+01	2.589001e+01	2.389065e+01	2.233975e+01	2.111452e+01	2.013613e+01	8.803475e+01	8.613346e+01	8.455028e+01	2.414834e+01
7200	9.346602e+01	9.028951e+01	8.791169e+01	8.601163e+01	8.442947e+01	8.307407e+01	8.188859e+01	2.577496e+01	2.378080e+01	2.223661e+01	2.101884e+01	2.004751e+01	8.791169e+01	8.601163e+01	8.442947e+01	2.404014e+01
7300	9.334121e+01	9.016671e+01	8.779041e+01	8.589156e+01	8.431040e+01	8.295587e+01	8.177115e+01	2.566389e+01	2.367375e+01	2.213575e+01	2.092520e+01	1.996077e+01	8.779041e+01	8.589156e+01	8.431040e+01	2.393420e+01
7400	9.321818e+01	9.004567e+01	8.767086e+01	8.577321e+01	8.419304e+01	8.283937e+01	8.165539e+01	2.555549e+01	2.356888e+01	2.203690e+01	2.083348e+01	1.987583e+01	8.767086e+01	8.577321e+01	8.419304e+01	2.383035e+01
7500	9.309688e+01	8.992634e+01	8.755300e+01	8.565652e+01	8.407734e+01	8.272450e+01	8.154126e+01	2.544926e+01	2.346600e+01	2.193999e+01	2.074363e+01	1.979265e+01	8.755300e+01	8.565652e+01	8.407734e+01	2.372850e+01
7600	9.297727e+01	8.980866e+01	8.743677e+01	8.554146e+01	8.396324e+01	8.261124e+01	8.142872e+01	2.534518e+01	2.336514e+01	2.184504e+01	2.065564e+01	1.971121e+01	8.743677e+01	8.554146e+01	8.396324e+01	2.362864e+01
7700	9.285929e+01	8.969259e+01	8.732214e+01	8.542797e+01	8.385072e+01	8.249953e+01	8.131773e+01	2.524319e+01	2.326628e+01	2.175203e+01	2.056949e+01	1.963146e+01	8.732214e+01	8.542797e+01	8.385072e+01	2.353073e+01
7800	9.274291e+01	8.957810e+01	8.720906e+01	8.531603e+01	8.373971e+01	8.238934e+01	8.120824e+01	2.514319e+01	2.316935e+01	2.166087e+01	2.048508e+01	1.955330e+01	8.720906e+01	8.531603e+01	8.373971e+01	2.343458e+01
7900	9.262809e+01	8.946514e+01	8.709750e+01	8.520558e+01	8.363020e+01	8.228062e+01	8.110022e+01	2.504505e+01	2.307425e+01	2.157147e+01	2.040231e+01	1.947664e+01	8.709750e+01	8.520558e+01	8.363020e+01	2.334002e+01
8000	9.251478e+01	8.935367e+01	8.698741e+01	8.509659e+01	8.352213e+01	8.217334e+01	8.099363e+01	2.494831e+01	2.298074e+01	2.148370e+01	2.032109e+01	1.940143e+01	8.698741e+01	8.509659e+01	8.352213e+01	2.324700e+01
8100	9.240294e+01	8.924365e+01	8.687875e+01	8.498902e+01	8.341547e+01	8.206746e+01	8.088844e+01	2.485267e+01	2.288864e+01	2.139746e+01	2.024138e+01	1.932763e+01	8.687875e+01	8.498902e+01	8.341547e+01	2.315545e+01
8200	9.229254e+01	8.913505e+01	8.677149e+01	8.488284e+01	8.331019e+01	8.196294e+01	8.078459e+01	2.475792e+01	2.279782e+01	2.131267e+01	2.016312e+01	1.925517e+01	8.677149e+01	8.488284e+01	8.331019e+01	2.306529e+01
8300	9.218355e+01	8.902782e+01	8.666560e+01	8.477801e+01	8.320625e+01	8.185976e+01	8.068208e+01	2.466442e+01	2.270840e+01	2.122934e+01	2.008626e+01	1.918404e+01	8.666560e+01	8.477801e+01	8.320625e+01	2.297654e+01
8400	9.207592e+01	8.892195e+01	8.656104e+01	8.467450e+01	8.310361e+01	8.175788e+01	8.058085e+01	2.457231e+01	2.262043e+01	2.114746e+01	2.001080e+01	1.911419e+01	8.656104e+01	8.467450e+01	8.310361e+01	2.288921e+01
8500	9.196963e+01	8.881739e+01	8.645778e+01	8.457228e+01	8.300225e+01	8.165726e+01	8.048088e+01	2.448160e+01	2.253394e+01	2.106705e+01	1.993672e+01	1.904561e+01	8.645778e+01	8.457228e+01	8.300225e+01	2.280331e+01
8600	9.186465e+01	8.871411e+01	8.635579e+01	8.447132e+01	8.290214e+01	8.155788e+01	8.038215e+01	2.439229e+01	2.244891e+01	2.098808e+01	1.986399e+01	1.897826e+01	8.635579e+01	8.447132e+01	8.290214e+01	2.271882e+01
8700	9.176093e+01	8.861209e+01	8.625503e+01	8.437157e+01	8.280325e+01	8.145971e+01	8.028461e+01	2.430435e+01	2.236533e+01	2.091052e+01	1.979257e+01	1.891210e+01	8.625503e+01	8.437157e+01	8.280325e+01	2.263570e+01
8800	9.165846e+01	8.851129e+01	8.615548e+01	8.427303e+01	8.270554e+01	8.136272e+01	8.018824e+01	2.421774e+01	2.228313e+01	2.083430e+01	1.972239e+01	1.884706e+01	8.615548e+01	8.427303e+01	8.270554e+01	2.255382e+01
8900	9.155721e+01	8.841169e+01	8.605712e+01	8.417566e+01	8.260899e+01	8.126688e+01	8.009302e+01	2.413241e+01	2.220228e+01	2.075938e+01	1.965340e+01	1.878310e+01	8.605712e+01	8.417566e+01	8.260899e+01	2.247314e+01
9000	9.145714e+01	8.831325e+01	8.595991e+01	8.407943e+01	8.251358e+01	8.117217e+01	7.999892e+01	2.404810e+01	2.212262e+01	2.068567e+01	1.958555e+01	1.872019e+01	8.595991e+01	8.407943e+01	8.251358e+01	2.239368e+01
9100	9.135823e+01	8.821596e+01	8.586383e+01	8.398431e+01	8.241927e+01	8.107856e+01	7.990592e+01	2.396473e+01	2.204410e+01	2.061314e+01	1.951883e+01	1.865830e+01	8.586383e+01	8.398431e+01	8.241927e+01	2.231543e+01
9200	9.126045e+01	8.811978e+01	8.576885e+01	8.389029e+01	8.232605e+01	8.098602e+01	7.981398e+01	2.388218e+01	2.196664e+01	2.054174e+01	1.945318e+01	1.859741e+01	8.576885e+01	8.389029e+01	8.232605e+01	2.223833e+01
9300	9.116378e+01	8.802469e+01	8.567495e+01	8.379734e+01	8.223389e+01	8.089453e+01	7.972309e+01	2.380038e+01	2.189017e+01	2.047141e+01	1.938857e+01	1.853747e+01	8.567495e+01	8.379734e+01	8.223389e+01	2.216234e+01
9400	9.106820e+01	8.793067e+01	8.558210e+01	8.370543e+01	8.214276e+01	8.080408e+01	7.963322e+01	2.371938e+01	2.181472e+01	2.040215e+01	1.932498e+01	1.847847e+01	8.558210e+01	8.370543e+01	8.214276e+01	2.208744e+01
9500	9.097368e+01	8.783770e+01	8.549028e+01	8.361455e+01	8.205265e+01	8.071463e+01	7.954435e+01	2.363924e+01	2.174030e+01	2.033396e+01	1.926241e+01	1.842040e+01	8.549028e+01	8.361455e+01	8.205265e+01	2.201363e+01
9600	9.088019e+01	8.774574e+01	8.539948e+01	8.352466e+01	8.196353e+01	8.062617e+01	7.945646e+01	2.356000e+01	2.166693e+01	2.026683e+01	1.920084e+01	1.836324e+01	8.539948e+01	8.352466e+01	8.196353e+01	2.194093e+01
9700	9.078772e+01	8.765479e+01	8.530966e+01	8.343575e+01	8.187538e+01	8.053866e+01	7.936953e+01	2.348168e+01	2.159462e+01	2.020075e+01	1.914024e+01	1.830695e+01	8.530966e+01	8.343575e+01	8.187538e+01	2.186932e+01
9800	9.069625e+01	8.756482e+01	8.522081e+01	8.334780e+01	8.178818e+01	8.045211e+01	7.928353e+01	2.340433e+01	2.152335e+01	2.013569e+01	1.908057e+01	1.825151e+01	8.522081e+01	8.334780e+01	8.178818e+01	2.179874e+01
9900	9.060575e+01	8.747580e+01	8.513291e+01	8.326079e+01	8.170191e+01	8.036648e+01	7.919846e+01	2.332795e+01	2.145311e+01	2.007162e+01	1.902180e+01	1.819687e+01	8.513291e+01	8.326079e+01	8.170191e+01	2.172915e+01
10000	9.051620e+01	8.738773e+01	8.504594e+01	8.317470e+01	8.161656e+01	8.028175e+01	7.911428e+01	2.325257e+01	2.138390e+01	2.000851e+01	1.896391e+01	1.814302e+01	8.504594e+01	8.317470e+01	8.161656e+01	2.166052e+01
10100	9.042759e+01	8.730057e+01	8.495987e+01	8.308951e+01	8.153209e+01	8.019791e+01	7.903099e+01	2.317808e+01	2.131565e+01	1.994633e+01	1.890686e+01	1.808993e+01	8.495987e+01	8.308951e+01	8.153209e+01	2.159286e+01
10200	9.033990e+01	8.721432e+01	8.487470e+01	8.300520e+01	8.144850e+01	8.011494e+01	7.894856e+01	2.310450e+01	2.124836e+01	1.988507e+01	1.885065e+01	1.803759e+01	8.487470e+01	8.300520e+01	8.144850e+01	2.152616e+01
10300	9.025310e+01	8.712895e+01	8.479040e+01	8.292176e+01	8.136577e+01	8.003282e+01	7.886697e+01	2.303182e+01	2.118200e+01	1.982469e+01	1.879524e+01	1.798598e+01	8.479040e+01	8.292176e+01	8.136577e+01	2.146040e+01
10400	9.016718e+01	8.704444e+01	8.470696e+01	8.283916e+01	8.128388e+01	7.995153e+01	7.878622e+01	2.295990e+01	2.111649e+01	1.976515e+01	1.874061e+01	1.793507e+01	8.470696e+01	8.283916e+01	8.128388e+01	2.139553e+01
10500	9.008213e+01	8.696079e+01	8.462435e+01	8.275739e+01	8.120282e+01	7.987107e+01	7.870627e+01	2.288852e+01	2.105174e+01	1.970641e+01	1.868674e+01	1.788485e+01	8.462435e+01	8.275739e+01	8.120282e+01	2.133152e+01
10600	8.999792e+01	8.687796e+01	8.454257e+01	8.267644e+01	8.112256e+01	7.979140e+01	7.862713e+01	2.281767e+01	2.098776e+01	1.964847e+01	1.863361e+01	1.783531e+01	8.454257e+01	8.267644e+01	8.112256e+01	2.126836e+01
10700	8.991454e+01	8.679596e+01	8.446159e+01	8.259629e+01	8.104309e+01	7.971252e+01	7.854877e+01	2.274743e+01	2.092455e+01	1.959131e+01	1.858122e+01	1.778644e+01	8.446159e+01	8.259629e+01	8.104309e+01	2.120605e+01
10800	8.983197e+01	8.671475e+01	8.438140e+01	8.251692e+01	8.096440e+01	7.963442e+01	7.847117e+01	2.267788e+01	2.086214e+01	1.953494e+01	1.852954e+01	1.773821e+01	8.438140e+01	8.251692e+01	8.096440e+01	2.114459e+01
10900	8.975021e+01	8.663433e+01	8.430199e+01	8.243832e+01	8.088647e+01	7.955707e+01	7.839433e+01	2.260909e+01	2.080054e+01	1.947933e+01	1.847856e+01	1.769061e+01	8.430199e+01	8.243832e+01	8.088647e+01	2.108397e+01
11000	8.966922e+01	8.655468e+01	8.422335e+01	8.236047e+01	8.080930e+01	7.948046e+01	7.831822e+01	2.254113e+01	2.073976e+01	1.942449e+01	1.842827e+01	1.764361e+01	8.422335e+01	8.236047e+01	8.080930e+01	2.102416e+01
11100	8.958901e+01	8.647579e+01	8.414545e+01	8.228337e+01	8.073285e+01	7.940459e+01	7.824284e+01	2.247406e+01	2.067980e+01	1.937038e+01	1.837863e+01	1.759720e+01	8.414545e+01	8.228337e+01	8.073285e+01	2.096512e+01
11200	8.950955e+01	8.639764e+01	8.406828e+01	8.220699e+01	8.065713e+01	7.932943e+01	7.816817e+01	2.240796e+01	2.062067e+01	1.931701e+01	1.832963e+01	1.755137e+01	8.406828e+01	8.220699e+01	8.065713e+01	2.090684e+01
11300	8.943083e+01	8.632022e+01	8.399184e+01	8.213133e+01	8.058212e+01	7.925497e+01	7.809420e+01	2.234284e+01	2.056236e+01	1.926434e+01	1.828126e+01	1.750610e+01	8.399184e+01	8.213133e+01	8.058212e+01	2.084931e+01
11400	8.935284e+01	8.624352e+01	8.391610e+01	8.205636e+01	8.050780e+01	7.918120e+01	7.802092e+01	2.227874e+01	2.050486e+01	1.921237e+01	1.823350e+01	1.746137e+01	8.391610e+01	8.205636e+01	8.050780e+01	2.079253e+01
11500	8.927556e+01	8.616752e+01	8.384106e+01	8.198209e+01	8.043416e+01	7.910811e+01	7.794831e+01	2.221574e+01	2.044819e+01	1.916110e+01	1.818635e+01	1.741719e+01	8.384106e+01	8.198209e+01	8.043416e+01	2.073648e+01
11600	8.919899e+01	8.609221e+01	8.376670e+01	8.190849e+01	8.036120e+01	7.903569e+01	7.787636e+01	2.215387e+01	2.039234e+01	1.911050e+01	1.813978e+01	1.737352e+01	8.376670e+01	8.190849e+01	8.036120e+01	2.068115e+01
11700	8.912310e+01	8.601758e+01	8.369302e+01	8.183555e+01	8.028889e+01	7.896392e+01	7.780506e+01	2.209308e+01	2.033726e+01	1.906054e+01	1.809379e+01	1.733037e+01	8.369302e+01	8.183555e+01	8.028889e+01	2.062651e+01
11800	8.904790e+01	8.594362e+01	8.361999e+01	8.176327e+01	8.021723e+01	7.889279e+01	7.773440e+01	2.203313e+01	2.028289e+01	1.901121e+01	1.804834e+01	1.728771e+01	8.361999e+01	8.176327e+01	8.021723e+01	2.057256e+01
11900	8.897335e+01	8.587032e+01	8.354761e+01	8.169163e+01	8.014620e+01	7.882230e+01	7.766437e+01	2.197394e+01	2.022920e+01	1.896248e+01	1.800345e+01	1.724555e+01	8.354761e+01	8.169163e+01	8.014620e+01	2.051927e+01
12000	8.889947e+01	8.579765e+01	8.347586e+01	8.162062e+01	8.007581e+01	7.875243e+01	7.759496e+01	2.191551e+01	2.017617e+01	1.891436e+01	1.795909e+01	1.720387e+01	8.347586e+01	8.162062e+01	8.007581e+01	2.046664e+01
12100	8.882623e+01	8.572562e+01	8.340474e+01	8.155023e+01	8.000602e+01	7.868316e+01	7.752615e+01	2.185782e+01	2.012381e+01	1.886683e+01	1.791526e+01	1.716266e+01	8.340474e+01	8.155023e+01	8.000602e+01	2.041468e+01
12200	8.875362e+01	8.565422e+01	8.333424e+01	8.148045e+01	7.993684e+01	7.861450e+01	7.745794e+01	2.180086e+01	2.007210e+01	1.881988e+01	1.787195e+01	1.712192e+01	8.333424e+01	8.148045e+01	7.993684e+01	2.036335e+01
12300	8.868163e+01	8.558342e+01	8.326434e+01	8.141127e+01	7.986826e+01	7.854642e+01	7.739031e+01	2.174462e+01	2.002104e+01	1.877351e+01	1.782914e+01	1.708162e+01	8.326434e+01	8.141127e+01	7.986826e+01	2.031266e+01
12400	8.861025e+01	8.551323e+01	8.319504e+01	8.134267e+01	7.980026e+01	7.847893e+01	7.732326e+01	2.168909e+01	1.997062e+01	1.872769e+01	1.778682e+01	1.704176e+01	8.319504e+01	8.134267e+01	7.980026e+01	2.026258e+01
12500	8.853948e+01	8.544363e+01	8.312632e+01	8.127466e+01	7.973283e+01	7.841201e+01	7.725678e+01	2.163424e+01	1.992080e+01	1.868241e+01	1.774498e+01	1.700233e+01	8.312632e+01	8.127466e+01	7.973283e+01	2.021308e+01
12600	8.846930e+01	8.537461e+01	8.305817e+01	8.120721e+01	7.966597e+01	7.834564e+01	7.719085e+01	2.158006e+01	1.987160e+01	1.863767e+01	1.770360e+01	1.696331e+01	8.305817e+01	8.120721e+01	7.966597e+01	2.016415e+01
12700	8.839970e+01	8.530617e+01	8.299060e+01	8.114033e+01	7.959966e+01	7.827983e+01	7.712547e+01	2.152651e+01	1.982297e+01	1.859344e+01	1.766268e+01	1.692470e+01	8.299060e+01	8.114033e+01	7.959966e+01	2.011577e+01
12800	8.833067e+01	8.523829e+01	8.292358e+01	8.107400e+01	7.953390e+01	7.821457e+01	7.706064e+01	2.147356e+01	1.977490e+01	1.854971e+01	1.762221e+01	1.688650e+01	8.292358e+01	8.107400e+01	7.953390e+01	2.006794e+01
12900	8.826220e+01	8.517096e+01	8.285710e+01	8.100821e+01	7.946868e+01	7.814983e+01	7.699633e+01	2.142119e+01	1.972739e+01	1.850648e+01	1.758217e+01	1.684868e+01	8.285710e+01	8.100821e+01	7.946868e+01	2.002064e+01
13000	8.819430e+01	8.510419e+01	8.279117e+01	8.094296e+01	7.940399e+01	7.808563e+01	7.693255e+01	2.136940e+01	1.968042e+01	1.846373e+01	1.754256e+01	1.681124e+01	8.279117e+01	8.094296e+01	7.940399e+01	1.997386e+01
13100	8.812693e+01	8.503794e+01	8.272577e+01	8.087823e+01	7.933982e+01	7.802194e+01	7.686928e+01	2.131810e+01	1.963395e+01	1.842145e+01	1.750337e+01	1.677419e+01	8.272577e+01	8.087823e+01	7.933982e+01	1.992757e+01
13200	8.806011e+01	8.497223e+01	8.266089e+01	8.081402e+01	7.927617e+01	7.795876e+01	7.680652e+01	2.126729e+01	1.958797e+01	1.837961e+01	1.746458e+01	1.673749e+01	8.266089e+01	8.081402e+01	7.927617e+01	1.988178e+01
13300	8.799382e+01	8.490704e+01	8.259653e+01	8.075031e+01	7.921302e+01	7.789609e+01	7.674426e+01	2.121702e+01	1.954249e+01	1.833823e+01	1.742620e+01	1.670117e+01	8.259653e+01	8.075031e+01	7.921302e+01	1.983649e+01
13400	8.792804e+01	8.484236e+01	8.253267e+01	8.068711e+01	7.915037e+01	7.783390e+01	7.668249e+01	2.116729e+01	1.949751e+01	1.829729e+01	1.738821e+01	1.666520e+01	8.253267e+01	8.068711e+01	7.915037e+01	1.979168e+01
13500	8.786278e+01	8.477819e+01	8.246932e+01	8.062441e+01	7.908821e+01	7.777221e+01	7.662120e+01	2.111808e+01	1.945302e+01	1.825679e+01	1.735061e+01	1.662957e+01	8.246932e+01	8.062441e+01	7.908821e+01	1.974736e+01
13600	8.779803e+01	8.471451e+01	8.240645e+01	8.056219e+01	7.902653e+01	7.771099e+01	7.656039e+01	2.106940e+01	1.940901e+01	1.821672e+01	1.731339e+01	1.659429e+01	8.240645e+01	8.056219e+01	7.902653e+01	1.970351e+01
13700	8.773377e+01	8.465133e+01	8.234407e+01	8.050045e+01	7.896532e+01	7.765025e+01	7.650004e+01	2.102123e+01	1.936548e+01	1.817707e+01	1.727655e+01	1.655935e+01	8.234407e+01	8.050045e+01	7.896532e+01	1.966014e+01
13800	8.767000e+01	8.458863e+01	8.228216e+01	8.043919e+01	7.890459e+01	7.758997e+01	7.644016e+01	2.097358e+01	1.932242e+01	1.813785e+01	1.724008e+01	1.652474e+01	8.228216e+01	8.043919e+01	7.890459e+01	1.961723e+01
13900	8.760672e+01	8.452640e+01	8.222073e+01	8.037838e+01	7.884432e+01	7.753015e+01	7.638074e+01	2.092643e+01	1.927982e+01	1.809903e+01	1.720396e+01	1.649045e+01	8.222073e+01	8.037838e+01	7.884432e+01	1.957477e+01
14000	8.754391e+01	8.446464e+01	8.215976e+01	8.031804e+01	7.878450e+01	7.747078e+01	7.632176e+01	2.087977e+01	1.923768e+01	1.806060e+01	1.716820e+01	1.645647e+01	8.215976e+01	8.031804e+01	7.878450e+01	1.953274e+01
14100	8.748158e+01	8.440335e+01	8.209924e+01	8.025815e+01	7.872513e+01	7.741185e+01	7.626323e+01	2.083360e+01	1.919598e+01	1.802257e+01	1.713277e+01	1.642280e+01	8.209924e+01	8.025815e+01	7.872513e+01	1.949114e+01
14200	8.741970e+01	8.434250e+01	8.203917e+01	8.019870e+01	7.866620e+01	7.735337e+01	7.620513e+01	2.078790e+01	1.915471e+01	1.798492e+01	1.709769e+01	1.638944e+01	8.203917e+01	8.019870e+01	7.866620e+01	1.944997e+01
14300	8.735828e+01	8.428211e+01	8.197955e+01	8.013970e+01	7.860770e+01	7.729531e+01	7.614746e+01	2.074264e+01	1.911386e+01	1.794764e+01	1.706293e+01	1.635637e+01	8.197955e+01	8.013970e+01	7.860770e+01	1.940920e+01
14400	8.729732e+01	8.422216e+01	8.192037e+01	8.008112e+01	7.854964e+01	7.723768e+01	7.609021e+01	2.069783e+01	1.907342e+01	1.791072e+01	1.702850e+01	1.632360e+01	8.192037e+01	8.008112e+01	7.854964e+01	1.936883e+01
14500	8.723679e+01	8.416265e+01	8.186161e+01	8.002297e+01	7.849200e+01	7.718048e+01	7.603338e+01	2.065344e+01	1.903338e+01	1.787416e+01	1.699438e+01	1.629111e+01	8.186161e+01	8.002297e+01	7.849200e+01	1.932887e+01
14600	8.717670e+01	8.410356e+01	8.180328e+01	7.996525e+01	7.843477e+01	7.712368e+01	7.597697e+01	2.060948e+01	1.899374e+01	1.783795e+01	1.696057e+01	1.625890e+01	8.180328e+01	7.996525e+01	7.843477e+01	1.928928e+01
14700	8.711704e+01	8.404490e+01	8.174537e+01	7.990793e+01	7.837796e+01	7.706730e+01	7.592096e+01	2.056591e+01	1.895447e+01	1.780208e+01	1.692707e+01	1.622696e+01	8.174537e+01	7.990793e+01	7.837796e+01	1.925008e+01
14800	8.705781e+01	8.398666e+01	8.168787e+01	7.985103e+01	7.832155e+01	7.701131e+01	7.586534e+01	2.052269e+01	1.891556e+01	1.776655e+01	1.689386e+01	1.619530e+01	8.168787e+01	7.985103e+01	7.832155e+01	1.921124e+01
14900	8.699899e+01	8.392883e+01	8.163078e+01	7.979453e+01	7.826554e+01	7.695573e+01	7.581013e+01	2.047982e+01	1.887701e+01	1.773133e+01	1.686095e+01	1.616391e+01	8.163078e+01	7.979453e+01	7.826554e+01	1.917276e+01
15000	8.694059e+01	8.387141e+01	8.157409e+01	7.973843e+01	7.820993e+01	7.690053e+01	7.575530e+01	2.043731e+01	1.883882e+01	1.769644e+01	1.682833e+01	1.613278e+01	8.157409e+01	7.973843e+01	7.820993e+01	1.913465e+01
15100	8.688260e+01	8.381438e+01	8.151779e+01	7.968271e+01	7.815470e+01	7.684572e+01	7.570085e+01	2.039515e+01	1.880097e+01	1.766187e+01	1.679600e+01	1.610191e+01	8.151779e+01	7.968271e+01	7.815470e+01	1.909690e+01
15200	8.682500e+01	8.375775e+01	8.146189e+01	7.962739e+01	7.809986e+01	7.679129e+01	7.564679e+01	2.035334e+01	1.876347e+01	1.762762e+01	1.676394e+01	1.607129e+01	8.146189e+01	7.962739e+01	7.809986e+01	1.905950e+01
15300	8.676781e+01	8.370152e+01	8.140637e+01	7.957245e+01	7.804540e+01	7.673724e+01	7.559309e+01	2.031189e+01	1.872632e+01	1.759367e+01	1.673216e+01	1.604092e+01	8.140637e+01	7.957245e+01	7.804540e+01	1.902245e+01
15400	8.671100e+01	8.364567e+01	8.135123e+01	7.951788e+01	7.799131e+01	7.668356e+01	7.553977e+01	2.027080e+01	1.868950e+01	1.756003e+01	1.670066e+01	1.601080e+01	8.135123e+01	7.951788e+01	7.799131e+01	1.898574e+01
15500	8.665458e+01	8.359019e+01	8.129647e+01	7.946369e+01	7.793759e+01	7.663024e+01	7.548681e+01	2.023007e+01	1.865303e+01	1.752669e+01	1.666942e+01	1.598093e+01	8.129647e+01	7.946369e+01	7.793759e+01	1.894938e+01
15600	8.659855e+01	8.353510e+01	8.124208e+01	7.940986e+01	7.788423e+01	7.657729e+01	7.543421e+01	2.018969e+01	1.861689e+01	1.749365e+01	1.663844e+01	1.595129e+01	8.124208e+01	7.940986e+01	7.788423e+01	1.891335e+01
15700	8.654288e+01	8.348037e+01	8.118805e+01	7.935639e+01	7.783123e+01	7.652469e+01	7.538196e+01	2.014966e+01	1.858108e+01	1.746090e+01	1.660772e+01	1.592188e+01	8.118805e+01	7.935639e+01	7.783123e+01	1.887764e+01
15800	8.648759e+01	8.342601e+01	8.113439e+01	7.930328e+01	7.777858e+01	7.647245e+01	7.533006e+01	2.011000e+01	1.854559e+01	1.742843e+01	1.657725e+01	1.589270e+01	8.113439e+01	7.930328e+01	7.777858e+01	1.884226e+01
15900	8.643267e+01	8.337201e+01	8.108108e+01	7.925053e+01	7.772629e+01	7.642055e+01	7.527851e+01	2.007069e+01	1.851044e+01	1.739624e+01	1.654703e+01	1.586375e+01	8.108108e+01	7.925053e+01	7.772629e+01	1.880720e+01
16000	8.637811e+01	8.331836e+01	8.102812e+01	7.919812e+01	7.767434e+01	7.636899e+01	7.522730e+01	2.003173e+01	1.847559e+01	1.736434e+01	1.651706e+01	1.583502e+01	8.102812e+01	7.919812e+01	7.767434e+01	1.877244e+01
16100	8.632390e+01	8.326507e+01	8.097551e+01	7.914606e+01	7.762273e+01	7.631777e+01	7.517642e+01	1.999311e+01	1.844105e+01	1.733270e+01	1.648733e+01	1.580652e+01	8.097551e+01	7.914606e+01	7.762273e+01	1.873799e+01
16200	8.627005e+01	8.321212e+01	8.092324e+01	7.909433e+01	7.757146e+01	7.626689e+01	7.512588e+01	1.995484e+01	1.840682e+01	1.730133e+01	1.645783e+01	1.577822e+01	8.092324e+01	7.909433e+01	7.757146e+01	1.870384e+01
16300	8.621654e+01	8.315951e+01	8.087131e+01	7.904294e+01	7.752052e+01	7.621633e+01	7.507566e+01	1.991691e+01	1.837290e+01	1.727023e+01	1.642857e+01	1.575014e+01	8.087131e+01	7.904294e+01	7.752052e+01	1.866999e+01
16400	8.616338e+01	8.310725e+01	8.081971e+01	7.899188e+01	7.746991e+01	7.616610e+01	7.502577e+01	1.987932e+01	1.833927e+01	1.723938e+01	1.639954e+01	1.572226e+01	8.081971e+01	7.899188e+01	7.746991e+01	1.863643e+01
16500	8.611056e+01	8.305531e+01	8.076845e+01	7.894115e+01	7.741962e+01	7.611620e+01	7.497619e+01	1.984206e+01	1.830593e+01	1.720878e+01	1.637073e+01	1.569459e+01	8.076845e+01	7.894115e+01	7.741962e+01	1.860316e+01
16600	8.605808e+01	8.300371e+01	8.071751e+01	7.889074e+01	7.736965e+01	7.606661e+01	7.492693e+01	1.980511e+01	1.827286e+01	1.717843e+01	1.634214e+01	1.566712e+01	8.071751e+01	7.889074e+01	7.736965e+01	1.857016e+01
16700	8.600592e+01	8.295243e+01	8.066689e+01	7.884065e+01	7.732000e+01	7.601733e+01	7.487799e+01	1.976844e+01	1.824007e+01	1.714832e+01	1.631377e+01	1.563985e+01	8.066689e+01	7.884065e+01	7.732000e+01	1.853743e+01
16800	8.595409e+01	8.290148e+01	8.061659e+01	7.879087e+01	7.727066e+01	7.596837e+01	7.482935e+01	1.973205e+01	1.820754e+01	1.711845e+01	1.628561e+01	1.561278e+01	8.061659e+01	7.879087e+01	7.727066e+01	1.850498e+01
16900	8.590259e+01	8.285084e+01	8.056660e+01	7.874141e+01	7.722163e+01	7.591971e+01	7.478101e+01	1.969593e+01	1.817527e+01	1.708882e+01	1.625766e+01	1.558591e+01	8.056660e+01	7.874141e+01	7.722163e+01	1.847279e+01
17000	8.585140e+01	8.280052e+01	8.051693e+01	7.869225e+01	7.717290e+01	7.587135e+01	7.473298e+01	1.966009e+01	1.814326e+01	1.705942e+01	1.622993e+01	1.555922e+01	8.051693e+01	7.869225e+01	7.717290e+01	1.844088e+01
17100	8.580053e+01	8.275051e+01	8.046756e+01	7.864339e+01	7.712447e+01	7.582329e+01	7.468524e+01	1.962453e+01	1.811151e+01	1.703025e+01	1.620240e+01	1.553273e+01	8.046756e+01	7.864339e+01	7.712447e+01	1.840922e+01
17200	8.574997e+01	8.270080e+01	8.041849e+01	7.859484e+01	7.707635e+01	7.577553e+01	7.463780e+01	1.958924e+01	1.808002e+01	1.700130e+01	1.617507e+01	1.550642e+01	8.041849e+01	7.859484e+01	7.707635e+01	1.837783e+01
17300	8.569972e+01	8.265140e+01	8.036972e+01	7.854658e+01	7.702851e+01	7.572805e+01	7.459065e+01	1.955423e+01	1.804878e+01	1.697258e+01	1.614795e+01	1.548029e+01	8.036972e+01	7.854658e+01	7.702851e+01	1.834669e+01
17400	8.564977e+01	8.260229e+01	8.032125e+01	7.849861e+01	7.698097e+01	7.568087e+01	7.454378e+01	1.951949e+01	1.801779e+01	1.694408e+01	1.612102e+01	1.545435e+01	8.032125e+01	7.849861e+01	7.698097e+01	1.831581e+01
17500	8.560013e+01	8.255348e+01	8.027307e+01	7.845094e+01	7.693371e+01	7.563397e+01	7.449719e+01	1.948503e+01	1.798704e+01	1.691580e+01	1.609428e+01	1.542858e+01	8.027307e+01	7.845094e+01	7.693371e+01	1.828517e+01
17600	8.555078e+01	8.250497e+01	8.022518e+01	7.840354e+01	7.688673e+01	7.558735e+01	7.445089e+01	1.945084e+01	1.795654e+01	1.688773e+01	1.606774e+01	1.540298e+01	8.022518e+01	7.840354e+01	7.688673e+01	1.825477e+01
17700	8.550172e+01	8.245674e+01	8.017758e+01	7.835644e+01	7.684004e+01	7.554102e+01	7.440486e+01	1.941693e+01	1.792629e+01	1.685987e+01	1.604138e+01	1.537756e+01	8.017758e+01	7.835644e+01	7.684004e+01	1.822461e+01
17800	8.545296e+01	8.240880e+01	8.013025e+01	7.830961e+01	7.679362e+01	7.549495e+01	7.435911e+01	1.938329e+01	1.789627e+01	1.683222e+01	1.601520e+01	1.535231e+01	8.013025e+01	7.830961e+01	7.679362e+01	1.819469e+01
17900	8.540448e+01	8.236114e+01	8.008321e+01	7.826305e+01	7.674748e+01	7.544916e+01	7.431362e+01	1.934992e+01	1.786649e+01	1.680478e+01	1.598921e+01	1.532722e+01	8.008321e+01	7.826305e+01	7.674748e+01	1.816501e+01
18000	8.535628e+01	8.231376e+01	8.003644e+01	7.821677e+01	7.670161e+01	7.540364e+01	7.426840e+01	1.931681e+01	1.783694e+01	1.677754e+01	1.596340e+01	1.530230e+01	8.003644e+01	7.821677e+01	7.670161e+01	1.813554e+01
18100	8.530837e+01	8.226666e+01	7.998994e+01	7.817076e+01	7.665600e+01	7.535838e+01	7.422345e+01	1.928397e+01	1.780762e+01	1.675049e+01	1.593777e+01	1.527755e+01	7.998994e+01	7.817076e+01	7.665600e+01	1.810631e+01
18200	8.526073e+01	8.221983e+01	7.994372e+01	7.812502e+01	7.661066e+01	7.531338e+01	7.417876e+01	1.925139e+01	1.777852e+01	1.672364e+01	1.591231e+01	1.525295e+01	7.994372e+01	7.812502e+01	7.661066e+01	1.807729e+01
18300	8.521337e+01	8.217327e+01	7.989776e+01	7.807954e+01	7.656558e+01	7.526865e+01	7.413432e+01	1.921907e+01	1.774965e+01	1.669699e+01	1.588702e+01	1.522851e+01	7.989776e+01	7.807954e+01	7.656558e+01	1.804850e+01
18400	8.516628e+01	8.212697e+01	7.985206e+01	7.803432e+01	7.652076e+01	7.522417e+01	7.409014e+01	1.918702e+01	1.772100e+01	1.667053e+01	1.586191e+01	1.520423e+01	7.985206e+01	7.803432e+01	7.652076e+01	1.801992e+01
18500	8.511946e+01	8.208094e+01	7.980662e+01	7.798936e+01	7.647620e+01	7.517995e+01	7.404621e+01	1.915522e+01	1.769257e+01	1.664425e+01	1.583696e+01	1.518010e+01	7.980662e+01	7.798936e+01	7.647620e+01	1.799154e+01
18600	8.507290e+01	8.203517e+01	7.976145e+01	7.794466e+01	7.643189e+01	7.513597e+01	7.400254e+01	1.912366e+01	1.766435e+01	1.661816e+01	1.581217e+01	1.515612e+01	7.976145e+01	7.794466e+01	7.643189e+01	1.796338e+01
18700	8.502661e+01	8.198966e+01	7.971652e+01	7.790021e+01	7.638783e+01	7.509225e+01	7.395911e+01	1.909233e+01	1.763633e+01	1.659224e+01	1.578755e+01	1.513230e+01	7.971652e+01	7.790021e+01	7.638783e+01	1.793542e+01
18800	8.498057e+01	8.194441e+01	7.967185e+01	7.785600e+01	7.634401e+01	7.504877e+01	7.391592e+01	1.906121e+01	1.760851e+01	1.656651e+01	1.576309e+01	1.510862e+01	7.967185e+01	7.785600e+01	7.634401e+01	1.790766e+01
18900	8.493479e+01	8.189940e+01	7.962743e+01	7.781205e+01	7.630045e+01	7.500553e+01	7.387298e+01	1.903032e+01	1.758088e+01	1.654095e+01	1.573879e+01	1.508509e+01	7.962743e+01	7.781205e+01	7.630045e+01	1.788010e+01
19000	8.488926e+01	8.185465e+01	7.958326e+01	7.776833e+01	7.625712e+01	7.496254e+01	7.383027e+01	1.899964e+01	1.755346e+01	1.651557e+01	1.571464e+01	1.506171e+01	7.958326e+01	7.776833e+01	7.625712e+01	1.785274e+01
19100	8.484399e+01	8.181014e+01	7.953932e+01	7.772486e+01	7.621403e+01	7.491978e+01	7.378780e+01	1.896917e+01	1.752622e+01	1.649035e+01	1.569065e+01	1.503847e+01	7.953932e+01	7.772486e+01	7.621403e+01	1.782558e+01
19200	8.479896e+01	8.176588e+01	7.949563e+01	7.768163e+01	7.617118e+01	7.487726e+01	7.374556e+01	1.893891e+01	1.749918e+01	1.646531e+01	1.566682e+01	1.501538e+01	7.949563e+01	7.768163e+01	7.617118e+01	1.779861e+01
19300	8.475418e+01	8.172186e+01	7.945218e+01	7.763864e+01	7.612857e+01	7.483497e+01	7.370356e+01	1.890887e+01	1.747233e+01	1.644044e+01	1.564314e+01	1.499242e+01	7.945218e+01	7.763864e+01	7.612857e+01	1.777184e+01
19400	8.470965e+01	8.167808e+01	7.940897e+01	7.759588e+01	7.608618e+01	7.479291e+01	7.366178e+01	1.887903e+01	1.744567e+01	1.641573e+01	1.561960e+01	1.496960e+01	7.940897e+01	7.759588e+01	7.608618e+01	1.774525e+01
19500	8.466535e+01	8.163453e+01	7.936599e+01	7.755335e+01	7.604403e+01	7.475108e+01	7.362023e+01	1.884938e+01	1.741919e+01	1.639119e+01	1.559622e+01	1.494692e+01	7.936599e+01	7.755335e+01	7.604403e+01	1.771885e+01
19600	8.462129e+01	8.159122e+01	7.932324e+01	7.751105e+01	7.600210e+01	7.470947e+01	7.357891e+01	1.881994e+01	1.739289e+01	1.636680e+01	1.557298e+01	1.492438e+01	7.932324e+01	7.751105e+01	7.600210e+01	1.769263e+01
19700	8.457747e+01	8.154814e+01	7.928072e+01	7.746897e+01	7.596040e+01	7.466809e+01	7.353780e+01	1.879070e+01	1.736677e+01	1.634257e+01	1.554988e+01	1.490196e+01	7.928072e+01	7.746897e+01	7.596040e+01	1.766660e+01
19800	8.453388e+01	8.150529e+01	7.923843e+01	7.742712e+01	7.591892e+01	7.462693e+01	7.349692e+01	1.876165e+01	1.734083e+01	1.631850e+01	1.552692e+01	1.487968e+01	7.923843e+01	7.742712e+01	7.591892e+01	1.764074e+01
19900	8.449052e+01	8.146267e+01	7.919636e+01	7.738550e+01	7.587766e+01	7.458598e+01	7.345625e+01	1.873280e+01	1.731506e+01	1.629458e+01	1.550409e+01	1.485752e+01	7.919636e+01	7.738550e+01	7.587766e+01	1.761505e+01
20000	8.444739e+01	8.142027e+01	7.915451e+01	7.734409e+01	7.583662e+01	7.454526e+01	7.341580e+01	1.870416e+01	1.728947e+01	1.627082e+01	1.548141e+01	1.483549e+01	7.915451e+01	7.734409e+01	7.583662e+01	1.758954e+01
20100	8.440449e+01	8.137810e+01	7.911288e+01	7.730290e+01	7.579580e+01	7.450474e+01	7.337556e+01	1.867571e+01	1.726405e+01	1.624720e+01	1.545886e+01	1.481359e+01	7.911288e+01	7.730290e+01	7.579580e+01	1.756420e+01
20200	8.436181e+01	8.133614e+01	7.907147e+01	7.726192e+01	7.575518e+01	7.446444e+01	7.333553e+01	1.864745e+01	1.723880e+01	1.622373e+01	1.543644e+01	1.479181e+01	7.907147e+01	7.726192e+01	7.575518e+01	1.753903e+01
20300	8.431935e+01	8.129441e+01	7.903027e+01	7.722116e+01	7.571478e+01	7.442435e+01	7.329571e+01	1.861940e+01	1.721371e+01	1.620041e+01	1.541416e+01	1.477015e+01	7.903027e+01	7.722116e+01	7.571478e+01	1.751402e+01
20400	8.427711e+01	8.125289e+01	7.898929e+01	7.718061e+01	7.567459e+01	7.438447e+01	7.325610e+01	1.859154e+01	1.718879e+01	1.617723e+01	1.539200e+01	1.474862e+01	7.898929e+01	7.718061e+01	7.567459e+01	1.748917e+01
20500	8.423508e+01	8.121158e+01	7.894852e+01	7.714027e+01	7.563461e+01	7.434479e+01	7.321669e+01	1.856388e+01	1.716404e+01	1.615420e+01	1.536998e+01	1.472720e+01	7.894852e+01	7.714027e+01	7.563461e+01	1.746449e+01
20600	8.419328e+01	8.117048e+01	7.890796e+01	7.710013e+01	7.559483e+01	7.430531e+01	7.317748e+01	1.853642e+01	1.713945e+01	1.613130e+01	1.534808e+01	1.470591e+01	7.890796e+01	7.710013e+01	7.559483e+01	1.743997e+01
20700	8.415168e+01	8.112960e+01	7.886760e+01	7.706020e+01	7.555525e+01	7.426604e+01	7.313847e+01	1.850916e+01	1.711502e+01	1.610855e+01	1.532631e+01	1.468472e+01	7.886760e+01	7.706020e+01	7.555525e+01	1.741560e+01
20800	8.411030e+01	8.108892e+01	7.882745e+01	7.702047e+01	7.551587e+01	7.422697e+01	7.309966e+01	1.848209e+01	1.709075e+01	1.608593e+01	1.530466e+01	1.466366e+01	7.882745e+01	7.702047e+01	7.551587e+01	1.739139e+01
20900	8.406912e+01	8.104844e+01	7.878750e+01	7.698094e+01	7.547670e+01	7.418809e+01	7.306105e+01	1.845522e+01	1.706664e+01	1.606345e+01	1.528313e+01	1.464271e+01	7.878750e+01	7.698094e+01	7.547670e+01	1.736732e+01
21000	8.402815e+01	8.100817e+01	7.874775e+01	7.694161e+01	7.543772e+01	7.414941e+01	7.302263e+01	1.842854e+01	1.704268e+01	1.604110e+01	1.526173e+01	1.462188e+01	7.874775e+01	7.694161e+01	7.543772e+01	1.734341e+01
21100	8.398739e+01	8.096810e+01	7.870821e+01	7.690248e+01	7.539893e+01	7.411092e+01	7.298440e+01	1.840203e+01	1.701887e+01	1.601889e+01	1.524045e+01	1.460115e+01	7.870821e+01	7.690248e+01	7.539893e+01	1.731965e+01
21200	8.394682e+01	8.092823e+01	7.866885e+01	7.686355e+01	7.536034e+01	7.407263e+01	7.294637e+01	1.837571e+01	1.699521e+01	1.599680e+01	1.521928e+01	1.458054e+01	7.866885e+01	7.686355e+01	7.536034e+01	1.729604e+01
21300	8.390646e+01	8.088856e+01	7.862970e+01	7.682480e+01	7.532194e+01	7.403452e+01	7.290852e+01	1.834957e+01	1.697170e+01	1.597485e+01	1.519824e+01	1.456005e+01	7.862970e+01	7.682480e+01	7.532194e+01	1.727258e+01
21400	8.386630e+01	8.084908e+01	7.859073e+01	7.678625e+01	7.528373e+01	7.399660e+01	7.287086e+01	1.832362e+01	1.694834e+01	1.595303e+01	1.517731e+01	1.453966e+01	7.859073e+01	7.678625e+01	7.528373e+01	1.724926e+01
21500	8.382633e+01	8.080979e+01	7.855196e+01	7.674788e+01	7.524571e+01	7.395887e+01	7.283338e+01	1.829785e+01	1.692513e+01	1.593133e+01	1.515650e+01	1.451938e+01	7.855196e+01	7.674788e+01	7.524571e+01	1.722609e+01
21600	8.378656e+01	8.077070e+01	7.851337e+01	7.670971e+01	7.520787e+01	7.392133e+01	7.279609e+01	1.827226e+01	1.690206e+01	1.590977e+01	1.513581e+01	1.449921e+01	7.851337e+01	7.670971e+01	7.520787e+01	1.720306e+01
21700	8.374698e+01	8.073180e+01	7.847498e+01	7.667172e+01	7.517022e+01	7.388396e+01	7.275898e+01	1.824686e+01	1.687913e+01	1.588832e+01	1.511523e+01	1.447914e+01	7.847498e+01	7.667172e+01	7.517022e+01	1.718017e+01
21800	8.370760e+01	8.069308e+01	7.843677e+01	7.663391e+01	7.513275e+01	7.384678e+01	7.272205e+01	1.822164e+01	1.685635e+01	1.586700e+01	1.509476e+01	1.445918e+01	7.843677e+01	7.663391e+01	7.513275e+01	1.715742e+01
21900	8.366840e+01	8.065456e+01	7.839874e+01	7.659629e+01	7.509546e+01	7.380978e+01	7.268530e+01	1.819658e+01	1.683371e+01	1.584581e+01	1.507440e+01	1.443932e+01	7.839874e+01	7.659629e+01	7.509546e+01	1.713481e+01
22000	8.362939e+01	8.061621e+01	7.836090e+01	7.655884e+01	7.505835e+01	7.377295e+01	7.264872e+01	1.817169e+01	1.681120e+01	1.582473e+01	1.505415e+01	1.441957e+01	7.836090e+01	7.655884e+01	7.505835e+01	1.711234e+01
22100	8.359057e+01	8.057805e+01	7.832324e+01	7.652158e+01	7.502141e+01	7.373630e+01	7.261232e+01	1.814696e+01	1.678883e+01	1.580377e+01	1.503401e+01	1.439991e+01	7.832324e+01	7.652158e+01	7.502141e+01	1.709000e+01
22200	8.355193e+01	8.054007e+01	7.828575e+01	7.648449e+01	7.498465e+01	7.369983e+01	7.257609e+01	1.812240e+01	1.676659e+01	1.578292e+01	1.501397e+01	1.438035e+01	7.828575e+01	7.648449e+01	7.498465e+01	1.706779e+01
22300	8.351347e+01	8.050227e+01	7.824845e+01	7.644758e+01	7.494807e+01	7.366353e+01	7.254004e+01	1.809799e+01	1.674449e+01	1.576219e+01	1.499404e+01	1.436090e+01	7.824845e+01	7.644758e+01	7.494807e+01	1.704571e+01
22400	8.347520e+01	8.046465e+01	7.821131e+01	7.641084e+01	7.491166e+01	7.362739e+01	7.250415e+01	1.807375e+01	1.672251e+01	1.574157e+01	1.497421e+01	1.434153e+01	7.821131e+01	7.641084e+01	7.491166e+01	1.702376e+01
22500	8.343710e+01	8.042721e+01	7.817436e+01	7.637427e+01	7.487542e+01	7.359143e+01	7.246844e+01	1.804966e+01	1.670067e+01	1.572107e+01	1.495448e+01	1.432227e+01	7.817436e+01	7.637427e+01	7.487542e+01	1.700194e+01
22600	8.339918e+01	8.038994e+01	7.813757e+01	7.633788e+01	7.483935e+01	7.355564e+01	7.243289e+01	1.802572e+01	1.667895e+01	1.570067e+01	1.493485e+01	1.430310e+01	7.813757e+01	7.633788e+01	7.483935e+01	1.698025e+01
22700	8.336144e+01	8.035284e+01	7.810096e+01	7.630165e+01	7.480344e+01	7.352001e+01	7.239750e+01	1.800194e+01	1.665736e+01	1.568039e+01	1.491532e+01	1.428402e+01	7.810096e+01	7.630165e+01	7.480344e+01	1.695868e+01
22800	8.332387e+01	8.031591e+01	7.806452e+01	7.626559e+01	7.476771e+01	7.348455e+01	7.236228e+01	1.797830e+01	1.663589e+01	1.566021e+01	1.489590e+01	1.426504e+01	7.806452e+01	7.626559e+01	7.476771e+01	1.693723e+01
22900	8.328647e+01	8.027916e+01	7.802824e+01	7.622970e+01	7.473214e+01	7.344925e+01	7.232722e+01	1.795481e+01	1.661454e+01	1.564015e+01	1.487656e+01	1.424614e+01	7.802824e+01	7.622970e+01	7.473214e+01	1.691590e+01
23000	8.324925e+01	8.024257e+01	7.799213e+01	7.619397e+01	7.469673e+01	7.341412e+01	7.229233e+01	1.793147e+01	1.659331e+01	1.562018e+01	1.485733e+01	1.422734e+01	7.799213e+01	7.619397e+01	7.469673e+01	1.689470e+01
23100	8.321219e+01	8.020615e+01	7.795619e+01	7.615841e+01	7.466148e+01	7.337914e+01	7.225759e+01	1.790828e+01	1.657221e+01	1.560032e+01	1.483819e+01	1.420863e+01	7.795619e+01	7.615841e+01	7.466148e+01	1.687361e+01
23200	8.317531e+01	8.016989e+01	7.792040e+01	7.612301e+01	7.462639e+01	7.334433e+01	7.222301e+01	1.788522e+01	1.655122e+01	1.558057e+01	1.481915e+01	1.419001e+01	7.792040e+01	7.612301e+01	7.462639e+01	1.685264e+01
23300	8.313859e+01	8.013380e+01	7.788478e+01	7.608776e+01	7.459147e+01	7.330967e+01	7.218859e+01	1.786232e+01	1.653036e+01	1.556092e+01	1.480020e+01	1.417148e+01	7.788478e+01	7.608776e+01	7.459147e+01	1.683178e+01
23400	8.310203e+01	8.009787e+01	7.784933e+01	7.605268e+01	7.455670e+01	7.327517e+01	7.215432e+01	1.783954e+01	1.650960e+01	1.554137e+01	1.478134e+01	1.415303e+01	7.784933e+01	7.605268e+01	7.455670e+01	1.681104e+01
23500	8.306564e+01	8.006211e+01	7.781403e+01	7.601776e+01	7.452208e+01	7.324082e+01	7.212021e+01	1.781691e+01	1.648897e+01	1.552192e+01	1.476258e+01	1.413467e+01	7.781403e+01	7.601776e+01	7.452208e+01	1.679041e+01
23600	8.302941e+01	8.002650e+01	7.777889e+01	7.598299e+01	7.448762e+01	7.320663e+01	7.208625e+01	1.779440e+01	1.646844e+01	1.550257e+01	1.474391e+01	1.411640e+01	7.777889e+01	7.598299e+01	7.448762e+01	1.676990e+01
23700	8.299334e+01	7.999105e+01	7.774390e+01	7.594837e+01	7.445332e+01	7.317259e+01	7.205244e+01	1.777202e+01	1.644803e+01	1.548332e+01	1.472533e+01	1.409822e+01	7.774390e+01	7.594837e+01	7.445332e+01	1.674949e+01
23800	8.295744e+01	7.995576e+01	7.770907e+01	7.591391e+01	7.441917e+01	7.313870e+01	7.201879e+01	1.774976e+01	1.642772e+01	1.546417e+01	1.470684e+01	1.408012e+01	7.770907e+01	7.591391e+01	7.441917e+01	1.672919e+01
23900	8.292169e+01	7.992062e+01	7.767439e+01	7.587960e+01	7.438517e+01	7.310496e+01	7.198528e+01	1.772763e+01	1.640753e+01	1.544512e+01	1.468844e+01	1.406211e+01	7.767439e+01	7.587960e+01	7.438517e+01	1.670901e+01
24000	8.288610e+01	7.988564e+01	7.763987e+01	7.584545e+01	7.435131e+01	7.307137e+01	7.195191e+01	1.770562e+01	1.638744e+01	1.542617e+01	1.467013e+01	1.404418e+01	7.763987e+01	7.584545e+01	7.435131e+01	1.668893e+01
24100	8.285066e+01	7.985081e+01	7.760550e+01	7.581144e+01	7.431761e+01	7.303793e+01	7.191870e+01	1.768374e+01	1.636746e+01	1.540730e+01	1.465191e+01	1.402633e+01	7.760550e+01	7.581144e+01	7.431761e+01	1.666896e+01
24200	8.281538e+01	7.981614e+01	7.757128e+01	7.577758e+01	7.428405e+01	7.300463e+01	7.188563e+01	1.766197e+01	1.634759e+01	1.538854e+01	1.463377e+01	1.400857e+01	7.757128e+01	7.577758e+01	7.428405e+01	1.664909e+01
24300	8.278025e+01	7.978161e+01	7.753720e+01	7.574387e+01	7.425064e+01	7.297148e+01	7.185270e+01	1.764032e+01	1.632782e+01	1.536987e+01	1.461572e+01	1.399089e+01	7.753720e+01	7.574387e+01	7.425064e+01	1.662933e+01
24400	8.274527e+01	7.974723e+01	7.750327e+01	7.571030e+01	7.421738e+01	7.293847e+01	7.181992e+01	1.761879e+01	1.630815e+01	1.535129e+01	1.459776e+01	1.397329e+01	7.750327e+01	7.571030e+01	7.421738e+01	1.660967e+01
24500	8.271044e+01	7.971300e+01	7.746949e+01	7.567688e+01	7.418425e+01	7.290560e+01	7.178728e+01	1.759738e+01	1.628859e+01	1.533281e+01	1.457989e+01	1.395577e+01	7.746949e+01	7.567688e+01	7.418425e+01	1.659012e+01
24600	8.267576e+01	7.967892e+01	7.743586e+01	7.564360e+01	7.415127e+01	7.287288e+01	7.175478e+01	1.757609e+01	1.626914e+01	1.531441e+01	1.456209e+01	1.393832e+01	7.743586e+01	7.564360e+01	7.415127e+01	1.657067e+01
24700	8.264123e+01	7.964498e+01	7.740237e+01	7.561046e+01	7.411843e+01	7.284029e+01	7.172241e+01	1.755493e+01	1.624978e+01	1.529611e+01	1.454438e+01	1.392096e+01	7.740237e+01	7.561046e+01	7.411843e+01	1.655131e+01
24800	8.260685e+01	7.961119e+01	7.736902e+01	7.557747e+01	7.408573e+01	7.280785e+01	7.169019e+01	1.753387e+01	1.623052e+01	1.527789e+01	1.452675e+01	1.390367e+01	7.736902e+01	7.557747e+01	7.408573e+01	1.653206e+01
24900	8.257261e+01	7.957754e+01	7.733581e+01	7.554461e+01	7.405317e+01	7.277554e+01	7.165810e+01	1.751294e+01	1.621137e+01	1.525976e+01	1.450920e+01	1.388646e+01	7.733581e+01	7.554461e+01	7.405317e+01	1.651291e+01
25000	8.253852e+01	7.954403e+01	7.730274e+01	7.551190e+01	7.402075e+01	7.274337e+01	7.162615e+01	1.749212e+01	1.619231e+01	1.524171e+01	1.449173e+01	1.386932e+01	7.730274e+01	7.551190e+01	7.402075e+01	1.649385e+01
25100	8.250457e+01	7.951067e+01	7.726981e+01	7.547932e+01	7.398846e+01	7.271133e+01	7.159433e+01	1.747141e+01	1.617334e+01	1.522375e+01	1.447433e+01	1.385226e+01	7.726981e+01	7.547932e+01	7.398846e+01	1.647489e+01
25200	8.247076e+01	7.947744e+01	7.723702e+01	7.544688e+01	7.395631e+01	7.267943e+01	7.156265e+01	1.745082e+01	1.615447e+01	1.520588e+01	1.445702e+01	1.383527e+01	7.723702e+01	7.544688e+01	7.395631e+01	1.645602e+01
25300	8.243709e+01	7.944435e+01	7.720436e+01	7.541457e+01	7.392429e+01	7.264766e+01	7.153109e+01	1.743034e+01	1.613570e+01	1.518808e+01	1.443978e+01	1.381836e+01	7.720436e+01	7.541457e+01	7.392429e+01	1.643725e+01
25400	8.240356e+01	7.941140e+01	7.717185e+01	7.538240e+01	7.389241e+01	7.261602e+01	7.149967e+01	1.740997e+01	1.611702e+01	1.517037e+01	1.442261e+01	1.380151e+01	7.717185e+01	7.538240e+01	7.389241e+01	1.641857e+01
25500	8.237017e+01	7.937858e+01	7.713946e+01	7.535036e+01	7.386066e+01	7.258452e+01	7.146838e+01	1.738971e+01	1.609843e+01	1.515275e+01	1.440553e+01	1.378474e+01	7.713946e+01	7.535036e+01	7.386066e+01	1.639998e+01
25600	8.233692e+01	7.934590e+01	7.710721e+01	7.531845e+01	7.382904e+01	7.255314e+01	7.143722e+01	1.736956e+01	1.607994e+01	1.513520e+01	1.438851e+01	1.376804e+01	7.710721e+01	7.531845e+01	7.382904e+01	1.638148e+01
25700	8.230380e+01	7.931336e+01	7.707509e+01	7.528667e+01	7.379754e+01	7.252189e+01	7.140619e+01	1.734951e+01	1.606153e+01	1.511773e+01	1.437157e+01	1.375141e+01	7.707509e+01	7.528667e+01	7.379754e+01	1.636307e+01
25800	8.227082e+01	7.928095e+01	7.704311e+01	7.525503e+01	7.376618e+01	7.249077e+01	7.137528e+01	1.732957e+01	1.604322e+01	1.510035e+01	1.435471e+01	1.373485e+01	7.704311e+01	7.525503e+01	7.376618e+01	1.634476e+01
25900	8.223798e+01	7.924866e+01	7.701125e+01	7.522351e+01	7.373495e+01	7.245978e+01	7.134450e+01	1.730974e+01	1.602499e+01	1.508304e+01	1.433792e+01	1.371836e+01	7.701125e+01	7.522351e+01	7.373495e+01	1.632653e+01
26000	8.220526e+01	7.921651e+01	7.697952e+01	7.519212e+01	7.370384e+01	7.242892e+01	7.131385e+01	1.729001e+01	1.600685e+01	1.506581e+01	1.432120e+01	1.370194e+01	7.697952e+01	7.519212e+01	7.370384e+01	1.630839e+01
26100	8.217268e+01	7.918449e+01	7.694792e+01	7.516086e+01	7.367286e+01	7.239817e+01	7.128332e+01	1.727039e+01	1.598880e+01	1.504866e+01	1.430455e+01	1.368558e+01	7.694792e+01	7.516086e+01	7.367286e+01	1.629033e+01
26200	8.214023e+01	7.915260e+01	7.691645e+01	7.512972e+01	7.364200e+01	7.236756e+01	7.125291e+01	1.725086e+01	1.597084e+01	1.503158e+01	1.428797e+01	1.366930e+01	7.691645e+01	7.512972e+01	7.364200e+01	1.627236e+01
26300	8.210791e+01	7.912084e+01	7.688511e+01	7.509871e+01	7.361127e+01	7.233706e+01	7.122262e+01	1.723144e+01	1.595296e+01	1.501458e+01	1.427146e+01	1.365308e+01	7.688511e+01	7.509871e+01	7.361127e+01	1.625448e+01
26400	8.207572e+01	7.908920e+01	7.685389e+01	7.506782e+01	7.358066e+01	7.230669e+01	7.119246e+01	1.721211e+01	1.593517e+01	1.499766e+01	1.425503e+01	1.363692e+01	7.685389e+01	7.506782e+01	7.358066e+01	1.623668e+01
26500	8.204366e+01	7.905769e+01	7.682279e+01	7.503706e+01	7.355017e+01	7.227644e+01	7.116242e+01	1.719288e+01	1.591746e+01	1.498081e+01	1.423866e+01	1.362084e+01	7.682279e+01	7.503706e+01	7.355017e+01	1.621896e+01
26600	8.201172e+01	7.902631e+01	7.679182e+01	7.500642e+01	7.351980e+01	7.224631e+01	7.113249e+01	1.717375e+01	1.589983e+01	1.496404e+01	1.422237e+01	1.360482e+01	7.679182e+01	7.500642e+01	7.351980e+01	1.620132e+01
26700	8.197991e+01	7.899504e+01	7.676097e+01	7.497590e+01	7.348956e+01	7.221630e+01	7.110269e+01	1.715471e+01	1.588228e+01	1.494734e+01	1.420614e+01	1.358886e+01	7.676097e+01	7.497590e+01	7.348956e+01	1.618377e+01
26800	8.194822e+01	7.896391e+01	7.673024e+01	7.494550e+01	7.345943e+01	7.218641e+01	7.107300e+01	1.713575e+01	1.586482e+01	1.493071e+01	1.418998e+01	1.357298e+01	7.673024e+01	7.494550e+01	7.345943e+01	1.616630e+01
26900	8.191666e+01	7.893289e+01	7.669963e+01	7.491521e+01	7.342942e+01	7.215663e+01	7.104343e+01	1.711689e+01	1.584744e+01	1.491416e+01	1.417389e+01	1.355715e+01	7.669963e+01	7.491521e+01	7.342942e+01	1.614891e+01
27000	8.188522e+01	7.890199e+01	7.666914e+01	7.488505e+01	7.339953e+01	7.212697e+01	7.101397e+01	1.709813e+01	1.583014e+01	1.489768e+01	1.415787e+01	1.354139e+01	7.666914e+01	7.488505e+01	7.339953e+01	1.613159e+01
27100	8.185391e+01	7.887122e+01	7.663877e+01	7.485501e+01	7.336975e+01	7.209743e+01	7.098463e+01	1.707945e+01	1.581291e+01	1.488127e+01	1.414191e+01	1.352570e+01	7.663877e+01	7.485501e+01	7.336975e+01	1.611436e+01
27200	8.182271e+01	7.884056e+01	7.660852e+01	7.482508e+01	7.334009e+01	7.206800e+01	7.095540e+01	1.706086e+01	1.579577e+01	1.486494e+01	1.412602e+01	1.351006e+01	7.660852e+01	7.482508e+01	7.334009e+01	1.609721e+01
27300	8.179164e+01	7.881003e+01	7.657838e+01	7.479526e+01	7.331055e+01	7.203868e+01	7.092629e+01	1.704236e+01	1.577870e+01	1.484867e+01	1.411020e+01	1.349449e+01	7.657838e+01	7.479526e+01	7.331055e+01	1.608013e+01
27400	8.176069e+01	7.877961e+01	7.654836e+01	7.476557e+01	7.328112e+01	7.200948e+01	7.089729e+01	1.702394e+01	1.576172e+01	1.483248e+01	1.409444e+01	1.347899e+01	7.654836e+01	7.476557e+01	7.328112e+01	1.606314e+01
27500	8.172985e+01	7.874930e+01	7.651846e+01	7.473598e+01	7.325180e+01	7.198039e+01	7.086840e+01	1.700562e+01	1.574481e+01	1.481635e+01	1.407874e+01	1.346354e+01	7.651846e+01	7.473598e+01	7.325180e+01	1.604622e+01
27600	8.169913e+01	7.871911e+01	7.648867e+01	7.470651e+01	7.322260e+01	7.195141e+01	7.083962e+01	1.698737e+01	1.572797e+01	1.480029e+01	1.406311e+01	1.344816e+01	7.648867e+01	7.470651e+01	7.322260e+01	1.602937e+01
27700	8.166853e+01	7.868904e+01	7.645900e+01	7.467715e+01	7.319350e+01	7.192255e+01	7.081095e+01	1.696922e+01	1.571121e+01	1.478430e+01	1.404755e+01	1.343283e+01	7.645900e+01	7.467715e+01	7.319350e+01	1.601260e+01
27800	8.163804e+01	7.865908e+01	7.642943e+01	7.464791e+01	7.316452e+01	7.189379e+01	7.078239e+01	1.695114e+01	1.569453e+01	1.476838e+01	1.403204e+01	1.341757e+01	7.642943e+01	7.464791e+01	7.316452e+01	1.599591e+01
27900	8.160767e+01	7.862924e+01	7.639998e+01	7.461877e+01	7.313564e+01	7.186514e+01	7.075394e+01	1.693315e+01	1.567792e+01	1.475252e+01	1.401660e+01	1.340236e+01	7.639998e+01	7.461877e+01	7.313564e+01	1.597928e+01
28000	8.157742e+01	7.859950e+01	7.637064e+01	7.458974e+01	7.310688e+01	7.183660e+01	7.072559e+01	1.691525e+01	1.566138e+01	1.473673e+01	1.400122e+01	1.338721e+01	7.637064e+01	7.458974e+01	7.310688e+01	1.596273e+01
28100	8.154727e+01	7.856988e+01	7.634141e+01	7.456082e+01	7.307822e+01	7.180817e+01	7.069736e+01	1.689742e+01	1.564491e+01	1.472100e+01	1.398589e+01	1.337212e+01	7.634141e+01	7.456082e+01	7.307822e+01	1.594625e+01
28200	8.151724e+01	7.854037e+01	7.631229e+01	7.453202e+01	7.304967e+01	7.177984e+01	7.066922e+01	1.687968e+01	1.562851e+01	1.470534e+01	1.397063e+01	1.335708e+01	7.631229e+01	7.453202e+01	7.304967e+01	1.592985e+01
28300	8.148733e+01	7.851097e+01	7.628328e+01	7.450331e+01	7.302123e+01	7.175162e+01	7.064120e+01	1.686201e+01	1.561218e+01	1.468974e+01	1.395542e+01	1.334210e+01	7.628328e+01	7.450331e+01	7.302123e+01	1.591351e+01
28400	8.145752e+01	7.848168e+01	7.625437e+01	7.447472e+01	7.299289e+01	7.172350e+01	7.061327e+01	1.684443e+01	1.559592e+01	1.467420e+01	1.394027e+01	1.332718e+01	7.625437e+01	7.447472e+01	7.299289e+01	1.589724e+01
28500	8.142782e+01	7.845250e+01	7.622557e+01	7.444623e+01	7.296466e+01	7.169549e+01	7.058546e+01	1.682693e+01	1.557974e+01	1.465872e+01	1.392519e+01	1.331231e+01	7.622557e+01	7.444623e+01	7.296466e+01	1.588104e+01
28600	8.139823e+01	7.842342e+01	7.619688e+01	7.441785e+01	7.293653e+01	7.166758e+01	7.055774e+01	1.680950e+01	1.556362e+01	1.464330e+01	1.391015e+01	1.329750e+01	7.619688e+01	7.441785e+01	7.293653e+01	1.586491e+01
28700	8.136876e+01	7.839445e+01	7.616830e+01	7.438957e+01	7.290851e+01	7.163978e+01	7.053013e+01	1.679215e+01	1.554756e+01	1.462795e+01	1.389518e+01	1.328275e+01	7.616830e+01	7.438957e+01	7.290851e+01	1.584885e+01
28800	8.133938e+01	7.836559e+01	7.613982e+01	7.436139e+01	7.288059e+01	7.161207e+01	7.050261e+01	1.677488e+01	1.553158e+01	1.461266e+01	1.388027e+01	1.326804e+01	7.613982e+01	7.436139e+01	7.288059e+01	1.583286e+01
28900	8.131012e+01	7.833683e+01	7.611144e+01	7.433332e+01	7.285277e+01	7.158447e+01	7.047520e+01	1.675769e+01	1.551566e+01	1.459743e+01	1.386540e+01	1.325340e+01	7.611144e+01	7.433332e+01	7.285277e+01	1.581693e+01
29000	8.128096e+01	7.830818e+01	7.608317e+01	7.430535e+01	7.282505e+01	7.155697e+01	7.044789e+01	1.674058e+01	1.549981e+01	1.458225e+01	1.385060e+01	1.323880e+01	7.608317e+01	7.430535e+01	7.282505e+01	1.580107e+01
29100	8.125191e+01	7.827963e+01	7.605499e+01	7.427748e+01	7.279743e+01	7.152957e+01	7.042068e+01	1.672354e+01	1.548403e+01	1.456714e+01	1.383585e+01	1.322426e+01	7.605499e+01	7.427748e+01	7.279743e+01	1.578527e+01
29200	8.122296e+01	7.825119e+01	7.602692e+01	7.424971e+01	7.276991e+01	7.150226e+01	7.039356e+01	1.670658e+01	1.546831e+01	1.455209e+01	1.382116e+01	1.320977e+01	7.602692e+01	7.424971e+01	7.276991e+01	1.576954e+01
29300	8.119412e+01	7.822284e+01	7.599896e+01	7.422204e+01	7.274250e+01	7.147506e+01	7.036654e+01	1.668969e+01	1.545266e+01	1.453709e+01	1.380652e+01	1.319533e+01	7.599896e+01	7.422204e+01	7.274250e+01	1.575388e+01
29400	8.116538e+01	7.819460e+01	7.597109e+01	7.419447e+01	7.271518e+01	7.144795e+01	7.033962e+01	1.667287e+01	1.543707e+01	1.452215e+01	1.379193e+01	1.318095e+01	7.597109e+01	7.419447e+01	7.271518e+01	1.573828e+01
29500	8.113674e+01	7.816646e+01	7.594332e+01	7.416700e+01	7.268795e+01	7.142094e+01	7.031280e+01	1.665613e+01	1.542154e+01	1.450727e+01	1.377740e+01	1.316662e+01	7.594332e+01	7.416700e+01	7.268795e+01	1.572274e+01
29600	8.110821e+01	7.813842e+01	7.591565e+01	7.413963e+01	7.266083e+01	7.139403e+01	7.028607e+01	1.663947e+01	1.540608e+01	1.449245e+01	1.376293e+01	1.315234e+01	7.591565e+01	7.413963e+01	7.266083e+01	1.570726e+01
29700	8.107977e+01	7.811048e+01	7.588808e+01	7.411235e+01	7.263380e+01	7.136721e+01	7.025944e+01	1.662287e+01	1.539068e+01	1.447769e+01	1.374850e+01	1.313811e+01	7.588808e+01	7.411235e+01	7.263380e+01	1.569185e+01
29800	8.105144e+01	7.808264e+01	7.586061e+01	7.408518e+01	7.260687e+01	7.134049e+01	7.023290e+01	1.660635e+01	1.537534e+01	1.446298e+01	1.373413e+01	1.312393e+01	7.586061e+01	7.408518e+01	7.260687e+01	1.567650e+01
29900	8.102321e+01	7.805489e+01	7.583323e+01	7.405809e+01	7.258003e+01	7.131387e+01	7.020646e+01	1.658989e+01	1.536007e+01	1.444833e+01	1.371982e+01	1.310980e+01	7.583323e+01	7.405809e+01	7.258003e+01	1.566121e+01
30000	8.099507e+01	7.802725e+01	7.580595e+01	7.403111e+01	7.255329e+01	7.128733e+01	7.018011e+01	1.657350e+01	1.534485e+01	1.443373e+01	1.370555e+01	1.309573e+01	7.580595e+01	7.403111e+01	7.255329e+01	1.564598e+01
30100	8.096704e+01	7.799970e+01	7.577877e+01	7.400421e+01	7.252664e+01	7.126089e+01	7.015385e+01	1.655718e+01	1.532970e+01	1.441919e+01	1.369134e+01	1.308170e+01	7.577877e+01	7.400421e+01	7.252664e+01	1.563082e+01
30200	8.093910e+01	7.797225e+01	7.575168e+01	7.397742e+01	7.250008e+01	7.123454e+01	7.012769e+01	1.654093e+01	1.531461e+01	1.440470e+01	1.367718e+01	1.306772e+01	7.575168e+01	7.397742e+01	7.250008e+01	1.561571e+01
30300	8.091126e+01	7.794489e+01	7.572468e+01	7.395071e+01	7.247362e+01	7.120829e+01	7.010161e+01	1.652475e+01	1.529957e+01	1.439027e+01	1.366308e+01	1.305380e+01	7.572468e+01	7.395071e+01	7.247362e+01	1.560067e+01
30400	8.088351e+01	7.791763e+01	7.569778e+01	7.392410e+01	7.244725e+01	7.118212e+01	7.007563e+01	1.650864e+01	1.528460e+01	1.437590e+01	1.364902e+01	1.303992e+01	7.569778e+01	7.392410e+01	7.244725e+01	1.558568e+01
30500	8.085586e+01	7.789046e+01	7.567097e+01	7.389758e+01	7.242097e+01	7.115605e+01	7.004973e+01	1.649260e+01	1.526968e+01	1.436157e+01	1.363501e+01	1.302609e+01	7.567097e+01	7.389758e+01	7.242097e+01	1.557075e+01
30600	8.082831e+01	7.786338e+01	7.564426e+01	7.387115e+01	7.239478e+01	7.113006e+01	7.002393e+01	1.647662e+01	1.525483e+01	1.434731e+01	1.362106e+01	1.301231e+01	7.564426e+01	7.387115e+01	7.239478e+01	1.555588e+01
30700	8.080085e+01	7.783640e+01	7.561763e+01	7.384481e+01	7.236868e+01	7.110417e+01	6.999821e+01	1.646071e+01	1.524003e+01	1.433309e+01	1.360715e+01	1.299858e+01	7.561763e+01	7.384481e+01	7.236868e+01	1.554107e+01
30800	8.077349e+01	7.780951e+01	7.559110e+01	7.381856e+01	7.234267e+01	7.107836e+01	6.997259e+01	1.644486e+01	1.522530e+01	1.431893e+01	1.359330e+01	1.298489e+01	7.559110e+01	7.381856e+01	7.234267e+01	1.552632e+01
30900	8.074621e+01	7.778271e+01	7.556466e+01	7.379241e+01	7.231675e+01	7.105265e+01	6.994705e+01	1.642908e+01	1.521062e+01	1.430482e+01	1.357950e+01	1.297126e+01	7.556466e+01	7.379241e+01	7.231675e+01	1.551163e+01
31000	8.071904e+01	7.775601e+01	7.553831e+01	7.376634e+01	7.229092e+01	7.102702e+01	6.992159e+01	1.641337e+01	1.519599e+01	1.429077e+01	1.356574e+01	1.295767e+01	7.553831e+01	7.376634e+01	7.229092e+01	1.549699e+01
31100	8.069195e+01	7.772939e+01	7.551204e+01	7.374036e+01	7.226517e+01	7.100147e+01	6.989623e+01	1.639772e+01	1.518142e+01	1.427676e+01	1.355203e+01	1.294413e+01	7.551204e+01	7.374036e+01	7.226517e+01	1.548241e+01
31200	8.066495e+01	7.770287e+01	7.548587e+01	7.371447e+01	7.223952e+01	7.097602e+01	6.987095e+01	1.638213e+01	1.516691e+01	1.426280e+01	1.353837e+01	1.293063e+01	7.548587e+01	7.371447e+01	7.223952e+01	1.546788e+01
31300	8.063805e+01	7.767643e+01	7.545978e+01	7.368866e+01	7.221394e+01	7.095065e+01	6.984575e+01	1.636660e+01	1.515246e+01	1.424890e+01	1.352476e+01	1.291718e+01	7.545978e+01	7.368866e+01	7.221394e+01	1.545341e+01
31400	8.061124e+01	7.765008e+01	7.543379e+01	7.366294e+01	7.218846e+01	7.092536e+01	6.982064e+01	1.635113e+01	1.513805e+01	1.423504e+01	1.351119e+01	1.290377e+01	7.543379e+01	7.366294e+01	7.218846e+01	1.543899e+01
31500	8.058451e+01	7.762382e+01	7.540788e+01	7.363731e+01	7.216306e+01	7.090016e+01	6.979562e+01	1.633573e+01	1.512370e+01	1.422124e+01	1.349767e+01	1.289040e+01	7.540788e+01	7.363731e+01	7.216306e+01	1.542463e+01
31600	8.055788e+01	7.759765e+01	7.538205e+01	7.361177e+01	7.213775e+01	7.087505e+01	6.977067e+01	1.632039e+01	1.510941e+01	1.420748e+01	1.348419e+01	1.287708e+01	7.538205e+01	7.361177e+01	7.213775e+01	1.541032e+01
31700	8.053133e+01	7.757157e+01	7.535631e+01	7.358630e+01	7.211252e+01	7.085002e+01	6.974582e+01	1.630510e+01	1.509516e+01	1.419377e+01	1.347076e+01	1.286381e+01	7.535631e+01	7.358630e+01	7.211252e+01	1.539606e+01
31800	8.050487e+01	7.754557e+01	7.533066e+01	7.356093e+01	7.208737e+01	7.082507e+01	6.972104e+01	1.628988e+01	1.508097e+01	1.418010e+01	1.345738e+01	1.285058e+01	7.533066e+01	7.356093e+01	7.208737e+01	1.538186e+01
31900	8.047850e+01	7.751966e+01	7.530509e+01	7.353564e+01	7.206231e+01	7.080020e+01	6.969635e+01	1.627471e+01	1.506684e+01	1.416649e+01	1.344404e+01	1.283739e+01	7.530509e+01	7.353564e+01	7.206231e+01	1.536771e+01
32000	8.045221e+01	7.749383e+01	7.527961e+01	7.351043e+01	7.203733e+01	7.077542e+01	6.967173e+01	1.625961e+01	1.505275e+01	1.415292e+01	1.343074e+01	1.282424e+01	7.527961e+01	7.351043e+01	7.203733e+01	1.535361e+01
32100	8.042602e+01	7.746809e+01	7.525421e+01	7.348530e+01	7.201243e+01	7.075071e+01	6.964720e+01	1.624456e+01	1.503872e+01	1.413940e+01	1.341749e+01	1.281114e+01	7.525421e+01	7.348530e+01	7.201243e+01	1.533956e+01
32200	8.039990e+01	7.744243e+01	7.522889e+01	7.346026e+01	7.198761e+01	7.072609e+01	6.962275e+01	1.622958e+01	1.502473e+01	1.412593e+01	1.340429e+01	1.279808e+01	7.522889e+01	7.346026e+01	7.198761e+01	1.532556e+01
32300	8.037388e+01	7.741685e+01	7.520366e+01	7.343530e+01	7.196288e+01	7.070155e+01	6.959838e+01	1.621465e+01	1.501080e+01	1.411250e+01	1.339112e+01	1.278506e+01	7.520366e+01	7.343530e+01	7.196288e+01	1.531161e+01
32400	8.034793e+01	7.739136e+01	7.517851e+01	7.341042e+01	7.193822e+01	7.067709e+01	6.957409e+01	1.619978e+01	1.499692e+01	1.409912e+01	1.337800e+01	1.277209e+01	7.517851e+01	7.341042e+01	7.193822e+01	1.529772e+01
32500	8.032207e+01	7.736596e+01	7.515344e+01	7.338562e+01	7.191365e+01	7.065271e+01	6.954988e+01	1.618497e+01	1.498309e+01	1.408578e+01	1.336493e+01	1.275915e+01	7.515344e+01	7.338562e+01	7.191365e+01	1.528387e+01
32600	8.029630e+01	7.734063e+01	7.512845e+01	7.336090e+01	7.188915e+01	7.062841e+01	6.952574e+01	1.617021e+01	1.496931e+01	1.407249e+01	1.335189e+01	1.274626e+01	7.512845e+01	7.336090e+01	7.188915e+01	1.527008e+01
32700	8.027061e+01	7.731539e+01	7.510354e+01	7.333626e+01	7.186474e+01	7.060418e+01	6.950169e+01	1.615552e+01	1.495558e+01	1.405925e+01	1.333890e+01	1.273341e+01	7.510354e+01	7.333626e+01	7.186474e+01	1.525633e+01
32800	8.024500e+01	7.729022e+01	7.507871e+01	7.331170e+01	7.184040e+01	7.058004e+01	6.947771e+01	1.614088e+01	1.494190e+01	1.404605e+01	1.332595e+01	1.272060e+01	7.507871e+01	7.331170e+01	7.184040e+01	1.524263e+01
32900	8.021947e+01	7.726514e+01	7.505396e+01	7.328722e+01	7.181614e+01	7.055597e+01	6.945381e+01	1.612629e+01	1.492826e+01	1.403289e+01	1.331305e+01	1.270783e+01	7.505396e+01	7.328722e+01	7.181614e+01	1.522898e+01
33000	8.019403e+01	7.724014e+01	7.502930e+01	7.326281e+01	7.179196e+01	7.053198e+01	6.942999e+01	1.611176e+01	1.491468e+01	1.401978e+01	1.330018e+01	1.269510e+01	7.502930e+01	7.326281e+01	7.179196e+01	1.521538e+01
33100	8.016866e+01	7.721522e+01	7.500470e+01	7.323849e+01	7.176786e+01	7.050807e+01	6.940624e+01	1.609729e+01	1.490114e+01	1.400671e+01	1.328736e+01	1.268241e+01	7.500470e+01	7.323849e+01	7.176786e+01	1.520183e+01
33200	8.014338e+01	7.719037e+01	7.498019e+01	7.321424e+01	7.174383e+01	7.048423e+01	6.938257e+01	1.608287e+01	1.488766e+01	1.399369e+01	1.327458e+01	1.266976e+01	7.498019e+01	7.321424e+01	7.174383e+01	1.518832e+01
33300	8.011817e+01	7.716561e+01	7.495576e+01	7.319007e+01	7.171988e+01	7.046047e+01	6.935897e+01	1.606851e+01	1.487421e+01	1.398071e+01	1.326184e+01	1.265715e+01	7.495576e+01	7.319007e+01	7.171988e+01	1.517486e+01
33400	8.009305e+01	7.714092e+01	7.493140e+01	7.316598e+01	7.169601e+01	7.043678e+01	6.933545e+01	1.605420e+01	1.486082e+01	1.396777e+01	1.324914e+01	1.264457e+01	7.493140e+01	7.316598e+01	7.169601e+01	1.516145e+01
33500	8.006800e+01	7.711632e+01	7.490712e+01	7.314196e+01	7.167221e+01	7.041317e+01	6.931200e+01	1.603994e+01	1.484747e+01	1.395488e+01	1.323648e+01	1.263204e+01	7.490712e+01	7.314196e+01	7.167221e+01	1.514809e+01
33600	8.004303e+01	7.709178e+01	7.488292e+01	7.311801e+01	7.164848e+01	7.038963e+01	6.928862e+01	1.602573e+01	1.483417e+01	1.394203e+01	1.322386e+01	1.261955e+01	7.488292e+01	7.311801e+01	7.164848e+01	1.513477e+01
33700	8.001815e+01	7.706733e+01	7.485879e+01	7.309415e+01	7.162483e+01	7.036616e+01	6.926532e+01	1.601158e+01	1.482092e+01	1.392922e+01	1.321128e+01	1.260710e+01	7.485879e+01	7.309415e+01	7.162483e+01	1.512150e+01
33800	7.999333e+01	7.704295e+01	7.483473e+01	7.307035e+01	7.160125e+01	7.034277e+01	6.924209e+01	1.599747e+01	1.480771e+01	1.391645e+01	1.319875e+01	1.259468e+01	7.483473e+01	7.307035e+01	7.160125e+01	1.510827e+01
33900	7.996860e+01	7.701865e+01	7.481076e+01	7.304663e+01	7.157775e+01	7.031946e+01	6.921894e+01	1.598342e+01	1.479454e+01	1.390373e+01	1.318625e+01	1.258231e+01	7.481076e+01	7.304663e+01	7.157775e+01	1.509509e+01
34000	7.994394e+01	7.699442e+01	7.478685e+01	7.302299e+01	7.155432e+01	7.029621e+01	6.919585e+01	1.596943e+01	1.478142e+01	1.389105e+01	1.317379e+01	1.256997e+01	7.478685e+01	7.302299e+01	7.155432e+01	1.508196e+01
34100	7.991936e+01	7.697027e+01	7.476302e+01	7.299942e+01	7.153096e+01	7.027304e+01	6.917284e+01	1.595548e+01	1.476835e+01	1.387841e+01	1.316138e+01	1.255767e+01	7.476302e+01	7.299942e+01	7.153096e+01	1.506887e+01
34200	7.989486e+01	7.694619e+01	7.473927e+01	7.297592e+01	7.150768e+01	7.024994e+01	6.914990e+01	1.594158e+01	1.475532e+01	1.386581e+01	1.314900e+01	1.254541e+01	7.473927e+01	7.297592e+01	7.150768e+01	1.505582e+01
34300	7.987042e+01	7.692219e+01	7.471558e+01	7.295249e+01	7.148447e+01	7.022690e+01	6.912703e+01	1.592774e+01	1.474234e+01	1.385325e+01	1.313666e+01	1.253319e+01	7.471558e+01	7.295249e+01	7.148447e+01	1.504282e+01
34400	7.984607e+01	7.689826e+01	7.469197e+01	7.292913e+01	7.146132e+01	7.020394e+01	6.910423e+01	1.591394e+01	1.472940e+01	1.384073e+01	1.312436e+01	1.252100e+01	7.469197e+01	7.292913e+01	7.146132e+01	1.502986e+01
34500	7.982179e+01	7.687440e+01	7.466843e+01	7.290585e+01	7.143825e+01	7.018106e+01	6.908150e+01	1.590020e+01	1.471651e+01	1.382826e+01	1.311210e+01	1.250885e+01	7.466843e+01	7.290585e+01	7.143825e+01	1.501695e+01
34600	7.979758e+01	7.685062e+01	7.464497e+01	7.288264e+01	7.141525e+01	7.015824e+01	6.905884e+01	1.588650e+01	1.470366e+01	1.381582e+01	1.309987e+01	1.249674e+01	7.464497e+01	7.288264e+01	7.141525e+01	1.500408e+01
34700	7.977345e+01	7.682691e+01	7.462157e+01	7.285950e+01	7.139232e+01	7.013549e+01	6.903625e+01	1.587286e+01	1.469085e+01	1.380343e+01	1.308769e+01	1.248467e+01	7.462157e+01	7.285950e+01	7.139232e+01	1.499126e+01
34800	7.974939e+01	7.680327e+01	7.459825e+01	7.283643e+01	7.136946e+01	7.011280e+01	6.901372e+01	1.585926e+01	1.467809e+01	1.379107e+01	1.307554e+01	1.247263e+01	7.459825e+01	7.283643e+01	7.136946e+01	1.497848e+01
34900	7.972540e+01	7.677970e+01	7.457499e+01	7.281342e+01	7.134667e+01	7.009019e+01	6.899127e+01	1.584571e+01	1.466536e+01	1.377876e+01	1.306343e+01	1.246063e+01	7.457499e+01	7.281342e+01	7.134667e+01	1.496574e+01
35000	7.970148e+01	7.675620e+01	7.455181e+01	7.279049e+01	7.132394e+01	7.006765e+01	6.896888e+01	1.583221e+01	1.465269e+01	1.376648e+01	1.305136e+01	1.244866e+01	7.455181e+01	7.279049e+01	7.132394e+01	1.495304e+01
35100	7.967764e+01	7.673277e+01	7.452870e+01	7.276763e+01	7.130129e+01	7.004517e+01	6.894656e+01	1.581875e+01	1.464005e+01	1.375424e+01	1.303932e+01	1.243673e+01	7.452870e+01	7.276763e+01	7.130129e+01	1.494038e+01
35200	7.965387e+01	7.670942e+01	7.450565e+01	7.274483e+01	7.127870e+01	7.002276e+01	6.892431e+01	1.580535e+01	1.462745e+01	1.374204e+01	1.302732e+01	1.242483e+01	7.450565e+01	7.274483e+01	7.127870e+01	1.492777e+01
35300	7.963017e+01	7.668613e+01	7.448268e+01	7.272211e+01	7.125618e+01	7.000042e+01	6.890212e+01	1.579198e+01	1.461490e+01	1.372987e+01	1.301535e+01	1.241297e+01	7.448268e+01	7.272211e+01	7.125618e+01	1.491519e+01
35400	7.960653e+01	7.666291e+01	7.445977e+01	7.269945e+01	7.123373e+01	6.997815e+01	6.888000e+01	1.577867e+01	1.460238e+01	1.371775e+01	1.300342e+01	1.240114e+01	7.445977e+01	7.269945e+01	7.123373e+01	1.490266e+01
35500	7.958297e+01	7.663977e+01	7.443693e+01	7.267686e+01	7.121135e+01	6.995594e+01	6.885795e+01	1.576540e+01	1.458991e+01	1.370566e+01	1.299153e+01	1.238935e+01	7.443693e+01	7.267686e+01	7.121135e+01	1.489017e+01
35600	7.955948e+01	7.661669e+01	7.441416e+01	7.265433e+01	7.118903e+01	6.993380e+01	6.883596e+01	1.575218e+01	1.457747e+01	1.369360e+01	1.297967e+01	1.237759e+01	7.441416e+01	7.265433e+01	7.118903e+01	1.487771e+01
35700	7.953606e+01	7.659368e+01	7.439146e+01	7.263187e+01	7.116677e+01	6.991172e+01	6.881404e+01	1.573900e+01	1.456508e+01	1.368159e+01	1.296784e+01	1.236586e+01	7.439146e+01	7.263187e+01	7.116677e+01	1.486530e+01
35800	7.951271e+01	7.657073e+01	7.436882e+01	7.260948e+01	7.114459e+01	6.988971e+01	6.879218e+01	1.572586e+01	1.455272e+01	1.366961e+01	1.295605e+01	1.235417e+01	7.436882e+01	7.260948e+01	7.114459e+01	1.485292e+01
35900	7.948942e+01	7.654786e+01	7.434625e+01	7.258716e+01	7.112247e+01	6.986776e+01	6.877039e+01	1.571277e+01	1.454040e+01	1.365766e+01	1.294429e+01	1.234251e+01	7.434625e+01	7.258716e+01	7.112247e+01	1.484059e+01
36000	7.946621e+01	7.652505e+01	7.432374e+01	7.256490e+01	7.110041e+01	6.984588e+01	6.874866e+01	1.569973e+01	1.452813e+01	1.364576e+01	1.293257e+01	1.233089e+01	7.432374e+01	7.256490e+01	7.110041e+01	1.482829e+01
36100	7.944306e+01	7.650230e+01	7.430131e+01	7.254270e+01	7.107842e+01	6.982406e+01	6.872699e+01	1.568673e+01	1.451589e+01	1.363388e+01	1.292089e+01	1.231929e+01	7.430131e+01	7.254270e+01	7.107842e+01	1.481603e+01
36200	7.941998e+01	7.647963e+01	7.427893e+01	7.252057e+01	7.105649e+01	6.980231e+01	6.870539e+01	1.567378e+01	1.450369e+01	1.362205e+01	1.290923e+01	1.230773e+01	7.427893e+01	7.252057e+01	7.105649e+01	1.480382e+01
36300	7.939696e+01	7.645702e+01	7.425663e+01	7.249851e+01	7.103462e+01	6.978062e+01	6.868385e+01	1.566086e+01	1.449153e+01	1.361025e+01	1.289761e+01	1.229621e+01	7.425663e+01	7.249851e+01	7.103462e+01	1.479163e+01
36400	7.937402e+01	7.643447e+01	7.423438e+01	7.247650e+01	7.101282e+01	6.975899e+01	6.866237e+01	1.564800e+01	1.447941e+01	1.359848e+01	1.288603e+01	1.228471e+01	7.423438e+01	7.247650e+01	7.101282e+01	1.477949e+01
36500	7.935114e+01	7.641199e+01	7.421220e+01	7.245457e+01	7.099109e+01	6.973742e+01	6.864095e+01	1.563517e+01	1.446732e+01	1.358675e+01	1.287447e+01	1.227325e+01	7.421220e+01	7.245457e+01	7.099109e+01	1.476739e+01
36600	7.932832e+01	7.638958e+01	7.419009e+01	7.243269e+01	7.096941e+01	6.971592e+01	6.861960e+01	1.562239e+01	1.445528e+01	1.357506e+01	1.286295e+01	1.226182e+01	7.419009e+01	7.243269e+01	7.096941e+01	1.475532e+01
36700	7.930557e+01	7.636723e+01	7.416804e+01	7.241088e+01	7.094780e+01	6.969448e+01	6.859831e+01	1.560965e+01	1.444327e+01	1.356340e+01	1.285147e+01	1.225042e+01	7.416804e+01	7.241088e+01	7.094780e+01	1.474329e+01
36800	7.928289e+01	7.634494e+01	7.414605e+01	7.238913e+01	7.092625e+01	6.967310e+01	6.857708e+01	1.559696e+01	1.443130e+01	1.355177e+01	1.284001e+01	1.223906e+01	7.414605e+01	7.238913e+01	7.092625e+01	1.473130e+01
36900	7.926027e+01	7.632272e+01	7.412412e+01	7.236744e+01	7.090476e+01	6.965178e+01	6.855591e+01	1.558431e+01	1.441937e+01	1.354018e+01	1.282859e+01	1.222772e+01	7.412412e+01	7.236744e+01	7.090476e+01	1.471934e+01
37000	7.923771e+01	7.630056e+01	7.410226e+01	7.234582e+01	7.088333e+01	6.963052e+01	6.853480e+01	1.557170e+01	1.440747e+01	1.352862e+01	1.281720e+01	1.221642e+01	7.410226e+01	7.234582e+01	7.088333e+01	1.470742e+01
37100	7.921522e+01	7.627846e+01	7.408046e+01	7.232425e+01	7.086197e+01	6.960932e+01	6.851375e+01	1.555913e+01	1.439561e+01	1.351709e+01	1.280584e+01	1.220514e+01	7.408046e+01	7.232425e+01	7.086197e+01	1.469554e+01
37200	7.919279e+01	7.625643e+01	7.405872e+01	7.230275e+01	7.084066e+01	6.958819e+01	6.849276e+01	1.554660e+01	1.438378e+01	1.350560e+01	1.279452e+01	1.219390e+01	7.405872e+01	7.230275e+01	7.084066e+01	1.468369e+01
37300	7.917043e+01	7.623446e+01	7.403705e+01	7.228131e+01	7.081942e+01	6.956711e+01	6.847183e+01	1.553412e+01	1.437200e+01	1.349415e+01	1.278322e+01	1.218269e+01	7.403705e+01	7.228131e+01	7.081942e+01	1.467188e+01
37400	7.914813e+01	7.621255e+01	7.401543e+01	7.225993e+01	7.079823e+01	6.954609e+01	6.845096e+01	1.552167e+01	1.436024e+01	1.348272e+01	1.277196e+01	1.217151e+01	7.401543e+01	7.225993e+01	7.079823e+01	1.466010e+01
37500	7.912589e+01	7.619070e+01	7.399387e+01	7.223861e+01	7.077711e+01	6.952513e+01	6.843015e+01	1.550926e+01	1.434853e+01	1.347133e+01	1.276073e+01	1.216036e+01	7.399387e+01	7.223861e+01	7.077711e+01	1.464836e+01
37600	7.910372e+01	7.616891e+01	7.397238e+01	7.221735e+01	7.075604e+01	6.950424e+01	6.840940e+01	1.549690e+01	1.433684e+01	1.345997e+01	1.274953e+01	1.214925e+01	7.397238e+01	7.221735e+01	7.075604e+01	1.463666e+01
37700	7.908160e+01	7.614719e+01	7.395095e+01	7.219615e+01	7.073503e+01	6.948340e+01	6.838870e+01	1.548457e+01	1.432520e+01	1.344865e+01	1.273837e+01	1.213816e+01	7.395095e+01	7.219615e+01	7.073503e+01	1.462499e+01
37800	7.905955e+01	7.612552e+01	7.392957e+01	7.217500e+01	7.071408e+01	6.946261e+01	6.836806e+01	1.547229e+01	1.431359e+01	1.343735e+01	1.272723e+01	1.212710e+01	7.392957e+01	7.217500e+01	7.071408e+01	1.461335e+01
37900	7.903756e+01	7.610392e+01	7.390826e+01	7.215392e+01	7.069319e+01	6.944189e+01	6.834749e+01	1.546004e+01	1.430201e+01	1.342609e+01	1.271613e+01	1.211607e+01	7.390826e+01	7.215392e+01	7.069319e+01	1.460175e+01
38000	7.901563e+01	7.608237e+01	7.388700e+01	7.213290e+01	7.067236e+01	6.942122e+01	6.832696e+01	1.544783e+01	1.429047e+01	1.341487e+01	1.270505e+01	1.210508e+01	7.388700e+01	7.213290e+01	7.067236e+01	1.459019e+01
38100	7.899376e+01	7.606089e+01	7.386580e+01	7.211193e+01	7.065159e+01	6.940061e+01	6.830650e+01	1.543566e+01	1.427896e+01	1.340367e+01	1.269401e+01	1.209411e+01	7.386580e+01	7.211193e+01	7.065159e+01	1.457866e+01
38200	7.897195e+01	7.603946e+01	7.384467e+01	7.209102e+01	7.063087e+01	6.938006e+01	6.828609e+01	1.542353e+01	1.426749e+01	1.339251e+01	1.268300e+01	1.208317e+01	7.384467e+01	7.209102e+01	7.063087e+01	1.456716e+01
38300	7.895020e+01	7.601810e+01	7.382359e+01	7.207017e+01	7.061021e+01	6.935957e+01	6.826574e+01	1.541144e+01	1.425605e+01	1.338137e+01	1.267202e+01	1.207227e+01	7.382359e+01	7.207017e+01	7.061021e+01	1.455570e+01
38400	7.892851e+01	7.599679e+01	7.380256e+01	7.204938e+01	7.058961e+01	6.933913e+01	6.824544e+01	1.539939e+01	1.424465e+01	1.337028e+01	1.266107e+01	1.206139e+01	7.380256e+01	7.204938e+01	7.058961e+01	1.454428e+01
38500	7.890688e+01	7.597554e+01	7.378160e+01	7.202864e+01	7.056906e+01	6.931874e+01	6.822520e+01	1.538737e+01	1.423328e+01	1.335921e+01	1.265015e+01	1.205054e+01	7.378160e+01	7.202864e+01	7.056906e+01	1.453288e+01
38600	7.888531e+01	7.595435e+01	7.376069e+01	7.200796e+01	7.054858e+01	6.929842e+01	6.820502e+01	1.537540e+01	1.422194e+01	1.334817e+01	1.263926e+01	1.203972e+01	7.376069e+01	7.200796e+01	7.054858e+01	1.452152e+01
38700	7.886380e+01	7.593321e+01	7.373984e+01	7.198734e+01	7.052814e+01	6.927814e+01	6.818489e+01	1.536346e+01	1.421064e+01	1.333717e+01	1.262839e+01	1.202893e+01	7.373984e+01	7.198734e+01	7.052814e+01	1.451020e+01
38800	7.884235e+01	7.591214e+01	7.371905e+01	7.196677e+01	7.050776e+01	6.925793e+01	6.816481e+01	1.535156e+01	1.419937e+01	1.332619e+01	1.261756e+01	1.201817e+01	7.371905e+01	7.196677e+01	7.050776e+01	1.449890e+01
38900	7.882095e+01	7.589112e+01	7.369831e+01	7.194626e+01	7.048744e+01	6.923777e+01	6.814479e+01	1.533970e+01	1.418814e+01	1.331525e+01	1.260676e+01	1.200743e+01	7.369831e+01	7.194626e+01	7.048744e+01	1.448764e+01
39000	7.879961e+01	7.587016e+01	7.367763e+01	7.192581e+01	7.046717e+01	6.921766e+01	6.812483e+01	1.532787e+01	1.417694e+01	1.330434e+01	1.259599e+01	1.199673e+01	7.367763e+01	7.192581e+01	7.046717e+01	1.447642e+01
39100	7.877833e+01	7.584925e+01	7.365701e+01	7.190541e+01	7.044696e+01	6.919761e+01	6.810491e+01	1.531608e+01	1.416577e+01	1.329345e+01	1.258525e+01	1.198605e+01	7.365701e+01	7.190541e+01	7.044696e+01	1.446522e+01
39200	7.875711e+01	7.582840e+01	7.363644e+01	7.188506e+01	7.042680e+01	6.917761e+01	6.808506e+01	1.530433e+01	1.415463e+01	1.328260e+01	1.257453e+01	1.197540e+01	7.363644e+01	7.188506e+01	7.042680e+01	1.445406e+01
39300	7.873594e+01	7.580761e+01	7.361593e+01	7.186477e+01	7.040670e+01	6.915767e+01	6.806525e+01	1.529261e+01	1.414352e+01	1.327178e+01	1.256385e+01	1.196478e+01	7.361593e+01	7.186477e+01	7.040670e+01	1.444293e+01
39400	7.871483e+01	7.578687e+01	7.359547e+01	7.184454e+01	7.038665e+01	6.913777e+01	6.804550e+01	1.528093e+01	1.413245e+01	1.326099e+01	1.255319e+01	1.195419e+01	7.359547e+01	7.184454e+01	7.038665e+01	1.443183e+01
39500	7.869378e+01	7.576619e+01	7.357506e+01	7.182436e+01	7.036665e+01	6.911794e+01	6.802580e+01	1.526929e+01	1.412141e+01	1.325022e+01	1.254256e+01	1.194362e+01	7.357506e+01	7.182436e+01	7.036665e+01	1.442076e+01
39600	7.867279e+01	7.574556e+01	7.355471e+01	7.180423e+01	7.034671e+01	6.909815e+01	6.800616e+01	1.525768e+01	1.411040e+01	1.323949e+01	1.253196e+01	1.193309e+01	7.355471e+01	7.180423e+01	7.034671e+01	1.440973e+01
39700	7.865184e+01	7.572499e+01	7.353442e+01	7.178415e+01	7.032682e+01	6.907842e+01	6.798656e+01	1.524610e+01	1.409942e+01	1.322878e+01	1.252138e+01	1.192257e+01	7.353442e+01	7.178415e+01	7.032682e+01	1.439872e+01
39800	7.863096e+01	7.570447e+01	7.351417e+01	7.176413e+01	7.030698e+01	6.905874e+01	6.796702e+01	1.523456e+01	1.408847e+01	1.321811e+01	1.251084e+01	1.191209e+01	7.351417e+01	7.176413e+01	7.030698e+01	1.438775e+01
39900	7.861013e+01	7.568401e+01	7.349399e+01	7.174416e+01	7.028720e+01	6.903911e+01	6.794753e+01	1.522305e+01	1.407755e+01	1.320746e+01	1.250032e+01	1.190163e+01	7.349399e+01	7.174416e+01	7.028720e+01	1.437680e+01
40000	7.858935e+01	7.566360e+01	7.347385e+01	7.172425e+01	7.026746e+01	6.901954e+01	6.792809e+01	1.521158e+01	1.406666e+01	1.319684e+01	1.248982e+01	1.189119e+01	7.347385e+01	7.172425e+01	7.026746e+01	1.436589e+01
40100	7.856863e+01	7.564324e+01	7.345377e+01	7.170438e+01	7.024778e+01	6.900001e+01	6.790870e+01	1.520014e+01	1.405580e+01	1.318624e+01	1.247936e+01	1.188079e+01	7.345377e+01	7.170438e+01	7.024778e+01	1.435500e+01
40200	7.854796e+01	7.562294e+01	7.343374e+01	7.168457e+01	7.022815e+01	6.898054e+01	6.788937e+01	1.518874e+01	1.404497e+01	1.317568e+01	1.246892e+01	1.187041e+01	7.343374e+01	7.168457e+01	7.022815e+01	1.434415e+01
40300	7.852735e+01	7.560269e+01	7.341376e+01	7.166481e+01	7.020858e+01	6.896112e+01	6.787008e+01	1.517737e+01	1.403417e+01	1.316514e+01	1.245851e+01	1.186005e+01	7.341376e+01	7.166481e+01	7.020858e+01	1.433332e+01
40400	7.850679e+01	7.558249e+01	7.339384e+01	7.164511e+01	7.018905e+01	6.894175e+01	6.785085e+01	1.516603e+01	1.402341e+01	1.315463e+01	1.244812e+01	1.184972e+01	7.339384e+01	7.164511e+01	7.018905e+01	1.432253e+01
40500	7.848629e+01	7.556235e+01	7.337397e+01	7.162545e+01	7.016958e+01	6.892243e+01	6.783166e+01	1.515473e+01	1.401267e+01	1.314415e+01	1.243776e+01	1.183942e+01	7.337397e+01	7.162545e+01	7.016958e+01	1.431176e+01
40600	7.846584e+01	7.554226e+01	7.335414e+01	7.160585e+01	7.015015e+01	6.890316e+01	6.781253e+01	1.514346e+01	1.400196e+01	1.313370e+01	1.242743e+01	1.182914e+01	7.335414e+01	7.160585e+01	7.015015e+01	1.430102e+01
40700	7.844544e+01	7.552222e+01	7.333437e+01	7.158629e+01	7.013078e+01	6.888394e+01	6.779344e+01	1.513222e+01	1.399128e+01	1.312327e+01	1.241712e+01	1.181889e+01	7.333437e+01	7.158629e+01	7.013078e+01	1.429032e+01
40800	7.842509e+01	7.550223e+01	7.331466e+01	7.156679e+01	7.011145e+01	6.886477e+01	6.777441e+01	1.512102e+01	1.398063e+01	1.311287e+01	1.240684e+01	1.180867e+01	7.331466e+01	7.156679e+01	7.011145e+01	1.427964e+01
40900	7.840480e+01	7.548229e+01	7.329499e+01	7.154734e+01	7.009218e+01	6.884565e+01	6.775542e+01	1.510985e+01	1.397001e+01	1.310250e+01	1.239659e+01	1.179847e+01	7.329499e+01	7.154734e+01	7.009218e+01	1.426899e+01
41000	7.838455e+01	7.546241e+01	7.327537e+01	7.152794e+01	7.007296e+01	6.882658e+01	6.773649e+01	1.509871e+01	1.395942e+01	1.309215e+01	1.238636e+01	1.178829e+01	7.327537e+01	7.152794e+01	7.007296e+01	1.425837e+01
41100	7.836436e+01	7.544258e+01	7.325581e+01	7.150858e+01	7.005378e+01	6.880756e+01	6.771760e+01	1.508761e+01	1.394885e+01	1.308184e+01	1.237615e+01	1.177814e+01	7.325581e+01	7.150858e+01	7.005378e+01	1.424778e+01
41200	7.834423e+01	7.542279e+01	7.323629e+01	7.148928e+01	7.003466e+01	6.878858e+01	6.769876e+01	1.507653e+01	1.393832e+01	1.307154e+01	1.236598e+01	1.176801e+01	7.323629e+01	7.148928e+01	7.003466e+01	1.423721e+01
41300	7.832414e+01	7.540306e+01	7.321682e+01	7.147003e+01	7.001558e+01	6.876966e+01	6.767997e+01	1.506549e+01	1.392781e+01	1.306128e+01	1.235582e+01	1.175791e+01	7.321682e+01	7.147003e+01	7.001558e+01	1.422668e+01
41400	7.830410e+01	7.538338e+01	7.319741e+01	7.145082e+01	6.999655e+01	6.875078e+01	6.766122e+01	1.505449e+01	1.391733e+01	1.305104e+01	1.234570e+01	1.174784e+01	7.319741e+01	7.145082e+01	6.999655e+01	1.421617e+01
41500	7.828412e+01	7.536375e+01	7.317804e+01	7.143166e+01	6.997757e+01	6.873195e+01	6.764253e+01	1.504351e+01	1.390688e+01	1.304083e+01	1.233559e+01	1.173778e+01	7.317804e+01	7.143166e+01	6.997757e+01	1.420569e+01
41600	7.826418e+01	7.534416e+01	7.315872e+01	7.141256e+01	6.995864e+01	6.871317e+01	6.762388e+01	1.503256e+01	1.389646e+01	1.303064e+01	1.232552e+01	1.172776e+01	7.315872e+01	7.141256e+01	6.995864e+01	1.419524e+01
41700	7.824430e+01	7.532463e+01	7.313945e+01	7.139350e+01	6.993976e+01	6.869444e+01	6.760528e+01	1.502165e+01	1.388606e+01	1.302048e+01	1.231547e+01	1.171775e+01	7.313945e+01	7.139350e+01	6.993976e+01	1.418481e+01
41800	7.822447e+01	7.530515e+01	7.312023e+01	7.137449e+01	6.992092e+01	6.867576e+01	6.758672e+01	1.501076e+01	1.387570e+01	1.301034e+01	1.230544e+01	1.170777e+01	7.312023e+01	7.137449e+01	6.992092e+01	1.417441e+01
41900	7.820468e+01	7.528571e+01	7.310106e+01	7.135553e+01	6.990213e+01	6.865712e+01	6.756822e+01	1.499991e+01	1.386536e+01	1.300023e+01	1.229543e+01	1.169782e+01	7.310106e+01	7.135553e+01	6.990213e+01	1.416404e+01
42000	7.818495e+01	7.526633e+01	7.308193e+01	7.133661e+01	6.988339e+01	6.863853e+01	6.754976e+01	1.498909e+01	1.385504e+01	1.299015e+01	1.228546e+01	1.168789e+01	7.308193e+01	7.133661e+01	6.988339e+01	1.415370e+01
42100	7.816526e+01	7.524699e+01	7.306286e+01	7.131774e+01	6.986470e+01	6.861998e+01	6.753134e+01	1.497830e+01	1.384476e+01	1.298009e+01	1.227550e+01	1.167798e+01	7.306286e+01	7.131774e+01	6.986470e+01	1.414339e+01
42200	7.814563e+01	7.522770e+01	7.304383e+01	7.129892e+01	6.984605e+01	6.860148e+01	6.751297e+01	1.496753e+01	1.383450e+01	1.297006e+01	1.226557e+01	1.166809e+01	7.304383e+01	7.129892e+01	6.984605e+01	1.413310e+01
42300	7.812604e+01	7.520846e+01	7.302485e+01	7.128015e+01	6.982745e+01	6.858303e+01	6.749465e+01	1.495680e+01	1.382427e+01	1.296005e+01	1.225567e+01	1.165823e+01	7.302485e+01	7.128015e+01	6.982745e+01	1.412284e+01
42400	7.810650e+01	7.518927e+01	7.300591e+01	7.126142e+01	6.980890e+01	6.856463e+01	6.747638e+01	1.494610e+01	1.381406e+01	1.295007e+01	1.224579e+01	1.164840e+01	7.300591e+01	7.126142e+01	6.980890e+01	1.411260e+01
42500	7.808701e+01	7.517013e+01	7.298703e+01	7.124274e+01	6.979039e+01	6.854627e+01	6.745814e+01	1.493543e+01	1.380389e+01	1.294011e+01	1.223593e+01	1.163859e+01	7.298703e+01	7.124274e+01	6.979039e+01	1.410239e+01
42600	7.806757e+01	7.515103e+01	7.296819e+01	7.122411e+01	6.977193e+01	6.852795e+01	6.743996e+01	1.492479e+01	1.379373e+01	1.293018e+01	1.222610e+01	1.162880e+01	7.296819e+01	7.122411e+01	6.977193e+01	1.409221e+01
42700	7.804818e+01	7.513198e+01	7.294940e+01	7.120552e+01	6.975351e+01	6.850968e+01	6.742182e+01	1.491417e+01	1.378361e+01	1.292027e+01	1.221629e+01	1.161903e+01	7.294940e+01	7.120552e+01	6.975351e+01	1.408206e+01
42800	7.802884e+01	7.511297e+01	7.293065e+01	7.118698e+01	6.973514e+01	6.849146e+01	6.740372e+01	1.490359e+01	1.377351e+01	1.291039e+01	1.220651e+01	1.160929e+01	7.293065e+01	7.118698e+01	6.973514e+01	1.407193e+01
42900	7.800954e+01	7.509402e+01	7.291195e+01	7.116849e+01	6.971682e+01	6.847328e+01	6.738567e+01	1.489304e+01	1.376344e+01	1.290053e+01	1.219675e+01	1.159957e+01	7.291195e+01	7.116849e+01	6.971682e+01	1.406183e+01
43000	7.799029e+01	7.507511e+01	7.289329e+01	7.115004e+01	6.969854e+01	6.845515e+01	6.736767e+01	1.488251e+01	1.375339e+01	1.289069e+01	1.218701e+01	1.158988e+01	7.289329e+01	7.115004e+01	6.969854e+01	1.405175e+01
43100	7.797108e+01	7.505624e+01	7.287468e+01	7.113163e+01	6.968030e+01	6.843706e+01	6.734970e+01	1.487202e+01	1.374337e+01	1.288088e+01	1.217730e+01	1.158020e+01	7.287468e+01	7.113163e+01	6.968030e+01	1.404170e+01
43200	7.795193e+01	7.503743e+01	7.285612e+01	7.111327e+01	6.966211e+01	6.841901e+01	6.733178e+01	1.486155e+01	1.373338e+01	1.287110e+01	1.216761e+01	1.157055e+01	7.285612e+01	7.111327e+01	6.966211e+01	1.403168e+01
43300	7.793282e+01	7.501865e+01	7.283760e+01	7.109495e+01	6.964397e+01	6.840101e+01	6.731391e+01	1.485111e+01	1.372341e+01	1.286134e+01	1.215794e+01	1.156093e+01	7.283760e+01	7.109495e+01	6.964397e+01	1.402168e+01
43400	7.791375e+01	7.499993e+01	7.281913e+01	7.107668e+01	6.962586e+01	6.838305e+01	6.729608e+01	1.484070e+01	1.371347e+01	1.285160e+01	1.214830e+01	1.155132e+01	7.281913e+01	7.107668e+01	6.962586e+01	1.401170e+01
43500	7.789474e+01	7.498125e+01	7.280070e+01	7.105846e+01	6.960781e+01	6.836514e+01	6.727829e+01	1.483032e+01	1.370355e+01	1.284189e+01	1.213868e+01	1.154174e+01	7.280070e+01	7.105846e+01	6.960781e+01	1.400176e+01
43600	7.787576e+01	7.496261e+01	7.278232e+01	7.104028e+01	6.958979e+01	6.834727e+01	6.726055e+01	1.481997e+01	1.369366e+01	1.283220e+01	1.212908e+01	1.153218e+01	7.278232e+01	7.104028e+01	6.958979e+01	1.399183e+01
43700	7.785684e+01	7.494402e+01	7.276398e+01	7.102214e+01	6.957182e+01	6.832944e+01	6.724285e+01	1.480965e+01	1.368379e+01	1.282254e+01	1.211951e+01	1.152264e+01	7.276398e+01	7.102214e+01	6.957182e+01	1.398194e+01
43800	7.783796e+01	7.492548e+01	7.274568e+01	7.100404e+01	6.955389e+01	6.831166e+01	6.722519e+01	1.479935e+01	1.367395e+01	1.281290e+01	1.210996e+01	1.151313e+01	7.274568e+01	7.100404e+01	6.955389e+01	1.397207e+01
43900	7.781912e+01	7.490697e+01	7.272743e+01	7.098599e+01	6.953601e+01	6.829391e+01	6.720757e+01	1.478908e+01	1.366414e+01	1.280328e+01	1.210043e+01	1.150363e+01	7.272743e+01	7.098599e+01	6.953601e+01	1.396222e+01
44000	7.780033e+01	7.488852e+01	7.270922e+01	7.096798e+01	6.951817e+01	6.827622e+01	6.719000e+01	1.477884e+01	1.365435e+01	1.279369e+01	1.209093e+01	1.149416e+01	7.270922e+01	7.096798e+01	6.951817e+01	1.395240e+01
44100	7.778159e+01	7.487010e+01	7.269106e+01	7.095002e+01	6.950037e+01	6.825856e+01	6.717246e+01	1.476863e+01	1.364458e+01	1.278412e+01	1.208144e+01	1.148471e+01	7.269106e+01	7.095002e+01	6.950037e+01	1.394260e+01
44200	7.776289e+01	7.485174e+01	7.267294e+01	7.093210e+01	6.948261e+01	6.824094e+01	6.715497e+01	1.475844e+01	1.363484e+01	1.277457e+01	1.207198e+01	1.147529e+01	7.267294e+01	7.093210e+01	6.948261e+01	1.393283e+01
44300	7.774423e+01	7.483341e+01	7.265486e+01	7.091422e+01	6.946490e+01	6.822337e+01	6.713753e+01	1.474829e+01	1.362512e+01	1.276504e+01	1.206254e+01	1.146588e+01	7.265486e+01	7.091422e+01	6.946490e+01	1.392308e+01
44400	7.772562e+01	7.481513e+01	7.263683e+01	7.089638e+01	6.944723e+01	6.820584e+01	6.712012e+01	1.473815e+01	1.361543e+01	1.275554e+01	1.205312e+01	1.145649e+01	7.263683e+01	7.089638e+01	6.944723e+01	1.391335e+01
44500	7.770706e+01	7.479689e+01	7.261884e+01	7.087859e+01	6.942960e+01	6.818835e+01	6.710275e+01	1.472805e+01	1.360575e+01	1.274606e+01	1.204372e+01	1.144713e+01	7.261884e+01	7.087859e+01	6.942960e+01	1.390365e+01
44600	7.768853e+01	7.477870e+01	7.260089e+01	7.086084e+01	6.941201e+01	6.817091e+01	6.708543e+01	1.471797e+01	1.359611e+01	1.273660e+01	1.203435e+01	1.143779e+01	7.260089e+01	7.086084e+01	6.941201e+01	1.389397e+01
44700	7.767005e+01	7.476054e+01	7.258298e+01	7.084313e+01	6.939447e+01	6.815350e+01	6.706815e+01	1.470792e+01	1.358648e+01	1.272716e+01	1.202499e+01	1.142846e+01	7.258298e+01	7.084313e+01	6.939447e+01	1.388431e+01
44800	7.765162e+01	7.474244e+01	7.256512e+01	7.082546e+01	6.937696e+01	6.813614e+01	6.705091e+01	1.469789e+01	1.357688e+01	1.271775e+01	1.201566e+01	1.141916e+01	7.256512e+01	7.082546e+01	6.937696e+01	1.387468e+01
44900	7.763323e+01	7.472437e+01	7.254730e+01	7.080783e+01	6.935950e+01	6.811881e+01	6.703370e+01	1.468789e+01	1.356731e+01	1.270836e+01	1.200635e+01	1.140988e+01	7.254730e+01	7.080783e+01	6.935950e+01	1.386507e+01
45000	7.761488e+01	7.470634e+01	7.252952e+01	7.079025e+01	6.934207e+01	6.810153e+01	6.701654e+01	1.467791e+01	1.355775e+01	1.269899e+01	1.199706e+01	1.140062e+01	7.252952e+01	7.079025e+01	6.934207e+01	1.385548e+01
