300	1.684836e+01	1.541265e+01	1.432252e+01	1.345230e+01	1.272031e+01	1.098480e+01	1.072668e+01	2.015646e+01	1.901292e+01	1.809243e+01	1.608495e+01	1.579211e+01	1.721593e+01	1.502812e+01	1.472695e+01	1.809243e+01
400	1.561372e+01	1.413403e+01	1.308159e+01	1.225535e+01	1.158619e+01	1.098480e+01	1.072668e+01	1.879615e+01	1.767774e+01	1.683265e+01	1.608495e+01	1.579211e+01	1.592159e+01	1.502812e+01	1.472695e+01	1.683265e+01
500	1.462411e+01	1.319469e+01	1.217367e+01	1.142911e+01	1.061544e+01	9.952341e+00	9.368623e+00	1.783168e+01	1.670699e+01	1.584933e+01	1.506001e+01	1.433968e+01	1.498226e+01	1.412460e+01	1.340518e+01	1.584933e+01
600	1.384814e+01	1.243442e+01	1.145739e+01	1.053376e+01	9.729512e+00	9.116902e+00	8.630432e+00	1.699287e+01	1.589018e+01	1.493827e+01	1.406805e+01	1.332271e+01	1.420628e+01	1.330150e+01	1.251343e+01	1.493827e+01
700	1.319469e+01	1.178411e+01	1.071597e+01	9.789203e+00	9.186017e+00	8.655088e+00	8.212712e+00	1.629230e+01	1.512363e+01	1.410889e+01	1.332088e+01	1.272974e+01	1.347429e+01	1.254846e+01	1.179307e+01	1.410889e+01
800	1.263863e+01	1.124062e+01	1.015049e+01	9.324247e+00	8.667654e+00	8.105757e+00	7.594800e+00	1.565770e+01	1.449845e+01	1.358739e+01	1.288577e+01	1.229979e+01	1.288367e+01	1.200654e+01	1.132168e+01	1.358739e+01
900	1.212341e+01	1.071283e+01	9.669822e+00	8.862433e+00	8.202698e+00	7.633172e+00	7.124163e+00	1.511420e+01	1.396438e+01	1.305646e+01	1.229540e+01	1.159521e+01	1.237788e+01	1.152117e+01	1.082843e+01	1.305646e+01
1000	1.167730e+01	1.027615e+01	9.245707e+00	8.450884e+00	7.781725e+00	7.200851e+00	6.682910e+00	1.463040e+01	1.348686e+01	1.257265e+01	1.179658e+01	1.110725e+01	1.193177e+01	1.108289e+01	1.038099e+01	1.257265e+01
1100	1.127792e+01	9.888312e+00	8.864275e+00	8.072723e+00	7.389475e+00	6.804466e+00	6.306369e+00	1.419340e+01	1.304962e+01	1.212517e+01	1.133035e+01	1.062556e+01	1.152900e+01	1.067889e+01	9.962770e+00	1.212517e+01
1200	1.091389e+01	9.531592e+00	8.516858e+00	7.722035e+00	7.037168e+00	6.476346e+00	6.032191e+00	1.379473e+01	1.264491e+01	1.170557e+01	1.089958e+01	1.020099e+01	1.115894e+01	1.030167e+01	9.572401e+00	1.170557e+01
1300	1.058205e+01	9.206062e+00	8.198771e+00	7.405798e+00	6.735183e+00	6.212259e+00	5.807384e+00	1.342519e+01	1.226777e+01	1.131918e+01	1.051532e+01	9.832762e+00	1.081461e+01	9.949616e+00	9.216949e+00	1.131918e+01
1400	1.027789e+01	8.908085e+00	7.906593e+00	7.120790e+00	6.474019e+00	5.978039e+00	5.574733e+00	1.308059e+01	1.191556e+01	1.096355e+01	1.016451e+01	9.488352e+00	1.049356e+01	9.625364e+00	8.900161e+00	1.096355e+01
1500	9.996548e+00	8.633097e+00	7.637212e+00	6.861238e+00	6.239203e+00	5.751338e+00	5.329636e+00	1.275801e+01	1.158619e+01	1.063429e+01	9.839165e+00	9.165856e+00	1.019447e+01	9.328013e+00	8.614712e+00	1.063429e+01
1600	9.733767e+00	8.377054e+00	7.387759e+00	6.622044e+00	6.018678e+00	5.528224e+00	5.094777e+00	1.245478e+01	1.127769e+01	1.032745e+01	9.536090e+00	8.867877e+00	9.915922e+00	9.054724e+00	8.353701e+00	1.032745e+01
1700	9.487554e+00	8.138000e+00	7.156322e+00	6.400810e+00	5.810056e+00	5.317890e+00	4.887298e+00	1.216920e+01	1.098837e+01	1.004077e+01	9.254479e+00	8.593956e+00	9.656221e+00	8.802246e+00	8.112163e+00	1.004077e+01
1800	9.256493e+00	7.914498e+00	6.941226e+00	6.195815e+00	5.613365e+00	5.122961e+00	4.701749e+00	1.189984e+01	1.071664e+01	9.772421e+00	8.992130e+00	8.338760e+00	9.413584e+00	8.567606e+00	7.886180e+00	9.772421e+00
1900	9.039167e+00	7.705112e+00	6.740797e+00	6.005337e+00	5.428631e+00	4.943480e+00	4.535374e+00	1.164525e+01	1.046091e+01	9.520576e+00	8.746302e+00	8.098164e+00	9.186233e+00	8.347962e+00	7.672204e+00	9.520576e+00
2000	8.834159e+00	7.508406e+00	6.553362e+00	5.827654e+00	5.255885e+00	4.779294e+00	4.386524e+00	1.140398e+01	1.021960e+01	9.283406e+00	8.514554e+00	7.871216e+00	8.972389e+00	8.140811e+00	7.469769e+00	9.283406e+00
2100	8.640181e+00	7.323066e+00	6.377406e+00	5.661219e+00	5.095017e+00	4.629264e+00	4.251571e+00	1.117471e+01	9.991238e+00	9.059265e+00	8.295966e+00	7.660114e+00	8.770444e+00	7.945337e+00	7.282003e+00	9.059265e+00
2200	8.456463e+00	7.148262e+00	6.212044e+00	5.505175e+00	4.945383e+00	4.491528e+00	4.127852e+00	1.095661e+01	9.774899e+00	8.847235e+00	8.090653e+00	7.465000e+00	8.579481e+00	7.761763e+00	7.108912e+00	8.847235e+00
2300	8.282364e+00	6.983289e+00	6.056553e+00	5.358839e+00	4.806200e+00	4.364773e+00	4.014534e+00	1.074897e+01	9.569790e+00	8.646584e+00	7.897823e+00	7.282931e+00	8.398754e+00	7.589237e+00	6.946769e+00	8.646584e+00
2400	8.117240e+00	6.827442e+00	5.910209e+00	5.221531e+00	4.676688e+00	4.247883e+00	3.910341e+00	1.055107e+01	9.375118e+00	8.456577e+00	7.716371e+00	7.111874e+00	8.227517e+00	7.426563e+00	6.793190e+00	8.456577e+00
2500	7.960452e+00	6.680012e+00	5.772285e+00	5.092566e+00	4.556064e+00	4.139744e+00	3.813741e+00	1.036220e+01	9.190087e+00	8.276481e+00	7.545200e+00	6.950263e+00	8.065023e+00	7.272550e+00	6.646398e+00	8.276481e+00
2600	7.811356e+00	6.540295e+00	5.642059e+00	4.971264e+00	4.443549e+00	4.039242e+00	3.723194e+00	1.018165e+01	9.013904e+00	8.105562e+00	7.383206e+00	6.796519e+00	7.910528e+00	7.126009e+00	6.504584e+00	8.105562e+00
2700	7.669312e+00	6.407584e+00	5.518804e+00	4.856941e+00	4.338360e+00	3.945253e+00	3.637161e+00	1.000871e+01	8.845775e+00	7.943086e+00	7.229291e+00	6.649080e+00	7.763285e+00	6.985739e+00	6.365959e+00	7.943086e+00
2800	7.533677e+00	6.281173e+00	5.401798e+00	4.748915e+00	4.239716e+00	3.856668e+00	3.554117e+00	9.842676e+00	8.684905e+00	7.788320e+00	7.082356e+00	6.506366e+00	7.622548e+00	6.850552e+00	6.228748e+00	7.788320e+00
2900	7.403811e+00	6.160355e+00	5.290314e+00	4.646505e+00	4.146836e+00	3.772367e+00	3.472853e+00	9.682825e+00	8.530501e+00	7.640530e+00	6.941296e+00	6.367233e+00	7.487572e+00	6.719252e+00	6.091942e+00	7.640530e+00
3000	7.279070e+00	6.044424e+00	5.183628e+00	4.549026e+00	4.058938e+00	3.691419e+00	3.394031e+00	9.528451e+00	8.381769e+00	7.498982e+00	6.805222e+00	6.232913e+00	7.357610e+00	6.590975e+00	5.958810e+00	7.498982e+00
3100	7.158891e+00	5.932772e+00	5.081117e+00	4.455879e+00	3.975327e+00	3.613761e+00	3.319983e+00	9.378942e+00	8.238030e+00	7.363026e+00	6.674219e+00	6.106540e+00	7.232027e+00	6.466386e+00	5.835613e+00	7.363026e+00
3200	7.043011e+00	5.825177e+00	4.982565e+00	4.366784e+00	3.895650e+00	3.539792e+00	3.250902e+00	9.234096e+00	8.099067e+00	7.232347e+00	6.548851e+00	5.988299e+00	7.110629e+00	6.346805e+00	5.722917e+00	7.232347e+00
3300	6.931247e+00	5.721516e+00	4.887857e+00	4.281543e+00	3.819639e+00	3.469316e+00	3.185027e+00	9.093810e+00	7.964778e+00	7.106715e+00	6.428977e+00	5.875989e+00	6.993332e+00	6.232428e+00	5.617304e+00	7.106715e+00
3400	6.823414e+00	5.621665e+00	4.796876e+00	4.199960e+00	3.747028e+00	3.401955e+00	3.121464e+00	8.957984e+00	7.835063e+00	6.985897e+00	6.314250e+00	5.768671e+00	6.880052e+00	6.123124e+00	5.517728e+00	6.985897e+00
3500	6.719327e+00	5.525502e+00	4.709508e+00	4.121837e+00	3.677550e+00	3.337320e+00	3.059673e+00	8.826516e+00	7.709819e+00	6.869663e+00	6.204328e+00	5.665851e+00	6.770706e+00	6.018759e+00	5.423961e+00	6.869663e+00
3600	6.618802e+00	5.432901e+00	4.625638e+00	4.046975e+00	3.610936e+00	3.275030e+00	2.999158e+00	8.699303e+00	7.588946e+00	6.757782e+00	6.098859e+00	5.567007e+00	6.665210e+00	5.919193e+00	5.335795e+00	6.757782e+00
3700	6.521654e+00	5.343741e+00	4.545151e+00	3.975177e+00	3.546920e+00	3.214710e+00	2.939391e+00	8.576244e+00	7.472341e+00	6.650022e+00	5.997496e+00	5.471672e+00	6.563479e+00	5.824293e+00	5.253078e+00	6.650022e+00
3800	6.427699e+00	5.257897e+00	4.467931e+00	3.906247e+00	3.485235e+00	3.155973e+00	2.879823e+00	8.457237e+00	7.359903e+00	6.546152e+00	5.899899e+00	5.379349e+00	6.465430e+00	5.733934e+00	5.175592e+00	6.546152e+00
3900	6.336752e+00	5.175245e+00	4.393863e+00	3.839985e+00	3.425613e+00	3.098436e+00	2.820268e+00	8.342181e+00	7.251531e+00	6.445942e+00	5.805715e+00	5.289662e+00	6.370980e+00	5.647975e+00	5.102879e+00	6.445942e+00
4000	6.248628e+00	5.095663e+00	4.322831e+00	3.776194e+00	3.367787e+00	3.041853e+00	2.762135e+00	8.230973e+00	7.147123e+00	6.349159e+00	5.714649e+00	5.203081e+00	6.280044e+00	5.566212e+00	5.033505e+00	6.349159e+00
4100	6.163162e+00	5.019025e+00	4.254713e+00	3.714695e+00	3.311536e+00	2.986550e+00	2.707866e+00	8.123498e+00	7.046563e+00	6.255589e+00	5.626666e+00	5.120487e+00	6.192522e+00	5.488162e+00	4.965513e+00	6.255589e+00
4200	6.080263e+00	4.945194e+00	4.189344e+00	3.655378e+00	3.256816e+00	2.933098e+00	2.657718e+00	8.019589e+00	6.949670e+00	6.165084e+00	5.541808e+00	5.041609e+00	6.108249e+00	5.413241e+00	4.898460e+00	6.165084e+00
4300	5.999860e+00	4.874033e+00	4.126553e+00	3.598152e+00	3.203630e+00	2.881643e+00	2.610438e+00	7.919062e+00	6.856250e+00	6.077510e+00	5.459933e+00	4.965556e+00	6.027044e+00	5.341082e+00	4.832786e+00	6.077510e+00
4400	5.921882e+00	4.805403e+00	4.066169e+00	3.542924e+00	3.151983e+00	2.832185e+00	2.565653e+00	7.821735e+00	6.766108e+00	5.992737e+00	5.380847e+00	4.891847e+00	5.948723e+00	5.271391e+00	4.768377e+00	5.992737e+00
4500	5.846257e+00	4.739168e+00	4.008020e+00	3.489604e+00	3.101876e+00	2.784722e+00	2.523393e+00	7.727426e+00	6.679050e+00	5.910631e+00	5.304342e+00	4.820218e+00	5.873105e+00	5.203897e+00	4.704769e+00	5.910631e+00
4600	5.772914e+00	4.675189e+00	3.951933e+00	3.438099e+00	3.053313e+00	2.739268e+00	2.483669e+00	7.635953e+00	6.594880e+00	5.831060e+00	5.230231e+00	4.750407e+00	5.800010e+00	5.138291e+00	4.641445e+00	5.831060e+00
4700	5.701781e+00	4.613327e+00	3.897737e+00	3.388319e+00	3.006297e+00	2.695818e+00	2.446463e+00	7.547134e+00	6.513403e+00	5.753893e+00	5.158309e+00	4.682082e+00	5.729253e+00	5.074284e+00	4.578056e+00	5.753893e+00
4800	5.632787e+00	4.553446e+00	3.845261e+00	3.340171e+00	2.960830e+00	2.654381e+00	2.411807e+00	7.460787e+00	6.434425e+00	5.678996e+00	5.088376e+00	4.614993e+00	5.660655e+00	5.011594e+00	4.514125e+00	5.678996e+00
4900	5.565860e+00	4.495406e+00	3.794332e+00	3.293564e+00	2.916916e+00	2.614960e+00	2.379501e+00	7.376729e+00	6.357751e+00	5.606238e+00	5.020239e+00	4.548868e+00	5.594032e+00	4.949917e+00	4.449459e+00	5.606238e+00
5000	5.500929e+00	4.439070e+00	3.744778e+00	3.248407e+00	2.874557e+00	2.577496e+00	2.348416e+00	7.294778e+00	6.283185e+00	5.535486e+00	4.953698e+00	4.483516e+00	5.529203e+00	4.889033e+00	4.385032e+00	5.535486e+00
5100	5.437918e+00	4.384314e+00	3.696453e+00	3.204606e+00	2.833739e+00	2.541655e+00	2.316945e+00	7.214777e+00	6.210544e+00	5.466609e+00	4.888588e+00	4.418787e+00	5.465998e+00	4.828957e+00	4.322104e+00	5.466609e+00
5200	5.376737e+00	4.331064e+00	3.649305e+00	3.162068e+00	2.794377e+00	2.506999e+00	2.284904e+00	7.136664e+00	6.139679e+00	5.399481e+00	4.824734e+00	4.354366e+00	5.404293e+00	4.769773e+00	4.260194e+00	5.399481e+00
5300	5.317290e+00	4.279260e+00	3.603306e+00	3.120696e+00	2.756368e+00	2.473318e+00	2.252920e+00	7.060402e+00	6.070454e+00	5.333975e+00	4.761950e+00	4.289951e+00	5.343975e+00	4.711362e+00	4.198008e+00	5.333975e+00
5400	5.259482e+00	4.228843e+00	3.558430e+00	3.080395e+00	2.719609e+00	2.440464e+00	2.221008e+00	6.985957e+00	6.002733e+00	5.269966e+00	4.700055e+00	4.225266e+00	5.284932e+00	4.653542e+00	4.135047e+00	5.269966e+00
5500	5.203218e+00	4.179754e+00	3.514650e+00	3.041068e+00	2.683997e+00	2.408294e+00	2.188989e+00	6.913289e+00	5.936378e+00	5.207328e+00	4.638857e+00	4.160028e+00	5.227051e+00	4.596140e+00	4.071027e+00	5.207328e+00
5600	5.148403e+00	4.131932e+00	3.471939e+00	3.002621e+00	2.649430e+00	2.376666e+00	2.156630e+00	6.842364e+00	5.871253e+00	5.145936e+00	4.578171e+00	4.093948e+00	5.170221e+00	4.538972e+00	4.005618e+00	5.145936e+00
5700	5.094941e+00	4.085317e+00	3.430269e+00	2.964957e+00	2.615806e+00	2.345426e+00	2.123686e+00	6.773145e+00	5.807220e+00	5.085664e+00	4.517801e+00	4.026746e+00	5.114328e+00	4.481850e+00	3.938614e+00	5.085664e+00
5800	5.042738e+00	4.039851e+00	3.389613e+00	2.927980e+00	2.583021e+00	2.314423e+00	2.090000e+00	6.705594e+00	5.744144e+00	5.026386e+00	4.457561e+00	3.958191e+00	5.059260e+00	4.424607e+00	3.869767e+00	5.026386e+00
5900	4.991697e+00	3.995473e+00	3.349946e+00	2.891596e+00	2.550972e+00	2.283517e+00	2.055765e+00	6.639676e+00	5.681885e+00	4.967976e+00	4.397264e+00	3.889520e+00	5.004905e+00	4.367056e+00	3.800633e+00	4.967976e+00
6000	4.941725e+00	3.952124e+00	3.311239e+00	2.855708e+00	2.519557e+00	2.252660e+00	2.022772e+00	6.575353e+00	5.620309e+00	4.910309e+00	4.337079e+00	3.828859e+00	4.951150e+00	4.309402e+00	3.741715e+00	4.910309e+00
6100	4.892742e+00	3.909750e+00	3.273466e+00	2.820265e+00	2.488696e+00	2.222213e+00	1.993466e+00	6.512579e+00	5.559352e+00	4.853330e+00	4.278680e+00	3.786634e+00	4.897947e+00	4.253519e+00	3.705771e+00	4.853330e+00
6200	4.844731e+00	3.868326e+00	3.236605e+00	2.785395e+00	2.458397e+00	2.192661e+00	1.967647e+00	6.451258e+00	5.499250e+00	4.797263e+00	4.224151e+00	3.761863e+00	4.845506e+00	4.201648e+00	3.690659e+00	4.797263e+00
6300	4.797692e+00	3.827833e+00	3.200634e+00	2.751272e+00	2.428691e+00	2.164145e+00	1.943842e+00	6.391287e+00	5.440310e+00	4.742405e+00	4.174292e+00	3.748552e+00	4.794099e+00	4.154617e+00	3.688505e+00	4.742405e+00
6400	4.751626e+00	3.788251e+00	3.165532e+00	2.718068e+00	2.399609e+00	2.136711e+00	1.921739e+00	6.332560e+00	5.382841e+00	4.689051e+00	4.129542e+00	3.745801e+00	4.744001e+00	4.112865e+00	3.697948e+00	4.689051e+00
6500	4.706531e+00	3.749563e+00	3.131277e+00	2.685957e+00	2.371182e+00	2.110402e+00	1.901396e+00	6.274972e+00	5.327154e+00	4.637497e+00	4.090349e+00	3.754277e+00	4.695484e+00	4.076821e+00	3.719664e+00	4.637497e+00
6600	4.662407e+00	3.711748e+00	3.097847e+00	2.655110e+00	2.343441e+00	2.085263e+00	1.882876e+00	6.218418e+00	5.273556e+00	4.588039e+00	4.057157e+00	3.774539e+00	4.648822e+00	4.046928e+00	3.754394e+00	4.588039e+00
6700	4.619254e+00	3.674789e+00	3.065220e+00	2.625701e+00	2.316417e+00	2.061338e+00	1.866218e+00	6.162793e+00	5.222356e+00	4.540973e+00	4.030399e+00	3.807251e+00	4.604288e+00	4.023633e+00	3.802739e+00	4.540973e+00
6800	4.577072e+00	3.638665e+00	3.033376e+00	2.597903e+00	2.290141e+00	2.038667e+00	1.851515e+00	6.107992e+00	5.173864e+00	4.496593e+00	4.010529e+00	3.853119e+00	4.562157e+00	4.007365e+00	3.865267e+00	4.496593e+00
6900	4.535861e+00	3.603358e+00	3.002292e+00	2.571889e+00	2.264643e+00	2.017303e+00	1.838501e+00	6.053910e+00	5.128389e+00	4.455197e+00	3.997992e+00	3.908012e+00	4.522701e+00	3.998556e+00	3.936454e+00	4.455197e+00
7000	4.495619e+00	3.568849e+00	2.971947e+00	2.547832e+00	2.239956e+00	1.997206e+00	1.825366e+00	6.000442e+00	5.086239e+00	4.417079e+00	3.992272e+00	3.946356e+00	4.486194e+00	3.996565e+00	3.982173e+00	4.417079e+00
7100	4.456338e+00	3.535117e+00	2.942313e+00	2.525810e+00	2.216093e+00	1.978025e+00	1.809981e+00	5.947529e+00	5.047547e+00	4.382373e+00	3.988808e+00	3.937225e+00	4.452754e+00	3.996089e+00	3.962598e+00	4.382373e+00
7200	4.417973e+00	3.502129e+00	2.913340e+00	2.505530e+00	2.193013e+00	1.959337e+00	1.792575e+00	5.895300e+00	5.011750e+00	4.350561e+00	3.982101e+00	3.886329e+00	4.421875e+00	3.990905e+00	3.887547e+00	4.350561e+00
7300	4.380468e+00	3.469852e+00	2.884972e+00	2.486602e+00	2.170656e+00	1.940967e+00	1.774450e+00	5.843927e+00	4.978105e+00	4.320963e+00	3.970186e+00	3.813421e+00	4.392897e+00	3.978863e+00	3.784156e+00	4.320963e+00
7400	4.343770e+00	3.438253e+00	2.857153e+00	2.468637e+00	2.148963e+00	1.922840e+00	1.755912e+00	5.793585e+00	4.945873e+00	4.292899e+00	3.952037e+00	3.721855e+00	4.365158e+00	3.958898e+00	3.657420e+00	4.292899e+00
7500	4.307824e+00	3.407296e+00	2.829826e+00	2.451249e+00	2.127876e+00	1.904874e+00	1.736777e+00	5.744448e+00	4.914312e+00	4.265688e+00	3.926638e+00	3.610184e+00	4.337997e+00	3.929975e+00	3.505751e+00	4.265688e+00
7600	4.272576e+00	3.376949e+00	2.802937e+00	2.434047e+00	2.107336e+00	1.886979e+00	1.716917e+00	5.696689e+00	4.882683e+00	4.238651e+00	3.892965e+00	3.476904e+00	4.310755e+00	3.891022e+00	3.327351e+00	4.238651e+00
7700	4.237972e+00	3.347177e+00	2.776429e+00	2.416643e+00	2.087284e+00	1.869072e+00	1.696266e+00	5.650483e+00	4.850244e+00	4.211106e+00	3.849995e+00	3.320661e+00	4.282769e+00	3.840974e+00	3.120804e+00	4.211106e+00
7800	4.203957e+00	3.317946e+00	2.750245e+00	2.398649e+00	2.067661e+00	1.851072e+00	1.674721e+00	5.606003e+00	4.816255e+00	4.182374e+00	3.796722e+00	3.139955e+00	4.253379e+00	3.778788e+00	2.884556e+00	4.182374e+00
7900	4.170477e+00	3.289223e+00	2.724330e+00	2.379676e+00	2.048409e+00	1.832897e+00	1.652369e+00	5.563424e+00	4.779975e+00	4.151775e+00	3.732114e+00	2.941355e+00	4.221924e+00	3.703400e+00	2.629283e+00	4.151775e+00
8000	4.137478e+00	3.260973e+00	2.698628e+00	2.359336e+00	2.029469e+00	1.814509e+00	1.630555e+00	5.522920e+00	4.740663e+00	4.118628e+00	3.656588e+00	2.768460e+00	4.187743e+00	3.615631e+00	2.421284e+00	4.118628e+00
8100	4.104915e+00	3.233175e+00	2.673111e+00	2.337362e+00	2.010791e+00	1.796106e+00	1.610970e+00	5.484583e+00	4.697844e+00	4.082469e+00	3.576691e+00	2.671768e+00	4.150410e+00	3.524248e+00	2.334911e+00	4.082469e+00
8200	4.072789e+00	3.205859e+00	2.647864e+00	2.313977e+00	1.992363e+00	1.777939e+00	1.593140e+00	5.448187e+00	4.652097e+00	4.043698e+00	3.500182e+00	2.637596e+00	4.110439e+00	3.439433e+00	2.346232e+00	4.043698e+00
8300	4.041110e+00	3.179065e+00	2.623002e+00	2.289525e+00	1.974182e+00	1.760048e+00	1.575835e+00	5.413424e+00	4.604265e+00	4.002930e+00	3.429421e+00	2.630003e+00	4.068580e+00	3.364267e+00	2.399379e+00	4.002930e+00
8400	4.009888e+00	3.152835e+00	2.598638e+00	2.264351e+00	1.956244e+00	1.742428e+00	1.558850e+00	5.379984e+00	4.555194e+00	3.960781e+00	3.365340e+00	2.641953e+00	4.025582e+00	3.299931e+00	2.483483e+00	3.960781e+00
8500	3.979134e+00	3.127212e+00	2.574886e+00	2.238799e+00	1.938546e+00	1.725081e+00	1.542158e+00	5.347561e+00	4.505727e+00	3.917867e+00	3.308856e+00	2.674708e+00	3.982193e+00	3.247632e+00	2.600592e+00	3.917867e+00
8600	3.948858e+00	3.102237e+00	2.551860e+00	2.213213e+00	1.921085e+00	1.707995e+00	1.525709e+00	5.315846e+00	4.456707e+00	3.874803e+00	3.260892e+00	2.729628e+00	3.939163e+00	3.208584e+00	2.752362e+00	3.874803e+00
8700	3.919070e+00	3.077950e+00	2.529674e+00	2.187940e+00	1.903857e+00	1.691167e+00	1.509561e+00	5.284532e+00	4.408980e+00	3.832205e+00	3.222371e+00	2.808077e+00	3.897242e+00	3.183973e+00	2.940436e+00	3.832205e+00
8800	3.889782e+00	3.054396e+00	2.508441e+00	2.163322e+00	1.886859e+00	1.674597e+00	1.493688e+00	5.253310e+00	4.363389e+00	3.790688e+00	3.194224e+00	2.911392e+00	3.857178e+00	3.174993e+00	3.166731e+00	3.790688e+00
8900	3.861003e+00	3.031613e+00	2.488276e+00	2.139705e+00	1.870088e+00	1.658274e+00	1.478143e+00	5.221872e+00	4.320778e+00	3.750869e+00	3.177375e+00	3.033364e+00	3.819721e+00	3.182846e+00	3.418895e+00	3.750869e+00
9000	3.832743e+00	3.009646e+00	2.469292e+00	2.117433e+00	1.853540e+00	1.642214e+00	1.463618e+00	5.189911e+00	4.281991e+00	3.713363e+00	3.171571e+00	3.135034e+00	3.785619e+00	3.206820e+00	3.621789e+00	3.713363e+00
9100	3.805011e+00	2.988511e+00	2.451555e+00	2.096764e+00	1.837215e+00	1.626524e+00	1.450817e+00	5.157189e+00	4.247631e+00	3.678630e+00	3.171692e+00	3.172746e+00	3.755410e+00	3.238175e+00	3.693527e+00	3.678630e+00
9200	3.777803e+00	2.968138e+00	2.434941e+00	2.077605e+00	1.821126e+00	1.611320e+00	1.439463e+00	5.123750e+00	4.217340e+00	3.646514e+00	3.171733e+00	3.161021e+00	3.728780e+00	3.266866e+00	3.665287e+00	3.646514e+00
9300	3.751113e+00	2.948431e+00	2.419275e+00	2.059778e+00	1.805288e+00	1.596636e+00	1.429118e+00	5.089711e+00	4.190518e+00	3.616702e+00	3.170062e+00	3.133337e+00	3.705202e+00	3.290143e+00	3.602515e+00	3.616702e+00
9400	3.724934e+00	2.929295e+00	2.404385e+00	2.043102e+00	1.789716e+00	1.582500e+00	1.419753e+00	5.055187e+00	4.166565e+00	3.588883e+00	3.166204e+00	3.096616e+00	3.684150e+00	3.307172e+00	3.518437e+00	3.588883e+00
9500	3.699262e+00	2.910635e+00	2.390097e+00	2.027400e+00	1.774426e+00	1.568934e+00	1.411361e+00	5.020294e+00	4.144881e+00	3.562743e+00	3.159698e+00	3.050311e+00	3.665098e+00	3.317113e+00	3.411647e+00	3.562743e+00
9600	3.674089e+00	2.892356e+00	2.376239e+00	2.012492e+00	1.759433e+00	1.555961e+00	1.403972e+00	4.985147e+00	4.124867e+00	3.537972e+00	3.150084e+00	2.993610e+00	3.647520e+00	3.319114e+00	3.280860e+00	3.537972e+00
9700	3.649410e+00	2.874363e+00	2.362637e+00	1.998198e+00	1.744753e+00	1.543603e+00	1.397618e+00	4.949862e+00	4.105922e+00	3.514257e+00	3.136879e+00	2.925813e+00	3.630889e+00	3.312331e+00	3.124884e+00	3.514257e+00
9800	3.625218e+00	2.856561e+00	2.349118e+00	1.984339e+00	1.730401e+00	1.531881e+00	1.392284e+00	4.914555e+00	4.087449e+00	3.491286e+00	3.119621e+00	2.846318e+00	3.614679e+00	3.295924e+00	2.942536e+00	3.491286e+00
9900	3.601508e+00	2.838855e+00	2.335509e+00	1.970737e+00	1.716393e+00	1.520811e+00	1.387810e+00	4.879341e+00	4.068845e+00	3.468747e+00	3.097835e+00	2.757860e+00	3.598363e+00	3.269059e+00	2.740909e+00	3.468747e+00
10000	3.578274e+00	2.821150e+00	2.321637e+00	1.957212e+00	1.702743e+00	1.510386e+00	1.383119e+00	4.844336e+00	4.049513e+00	3.446327e+00	3.071544e+00	2.678081e+00	3.581416e+00	3.231906e+00	2.564114e+00	3.446327e+00
10100	3.555507e+00	2.803370e+00	2.307363e+00	1.943618e+00	1.689463e+00	1.500449e+00	1.376819e+00	4.809637e+00	4.028968e+00	3.423773e+00	3.042751e+00	2.626088e+00	3.563412e+00	3.188924e+00	2.458906e+00	3.423773e+00
10200	3.533192e+00	2.785512e+00	2.292692e+00	1.929940e+00	1.676543e+00	1.490801e+00	1.369281e+00	4.775270e+00	4.007195e+00	3.401057e+00	3.013788e+00	2.594417e+00	3.544338e+00	3.145171e+00	2.404553e+00	3.401057e+00
10300	3.511311e+00	2.767592e+00	2.277661e+00	1.916196e+00	1.663969e+00	1.481387e+00	1.361498e+00	4.741244e+00	3.984291e+00	3.378212e+00	2.985190e+00	2.567325e+00	3.524278e+00	3.101793e+00	2.361806e+00	3.378212e+00
10400	3.489847e+00	2.749627e+00	2.262308e+00	1.902406e+00	1.651726e+00	1.472177e+00	1.353746e+00	4.707565e+00	3.960358e+00	3.355268e+00	2.956991e+00	2.541370e+00	3.503320e+00	3.058959e+00	2.322175e+00	3.355268e+00
10500	3.468781e+00	2.731633e+00	2.246673e+00	1.888585e+00	1.639799e+00	1.463166e+00	1.346076e+00	4.674241e+00	3.935494e+00	3.332257e+00	2.929241e+00	2.516748e+00	3.481551e+00	3.016779e+00	2.285629e+00	3.332257e+00
10600	3.448097e+00	2.713626e+00	2.230793e+00	1.874754e+00	1.628175e+00	1.454335e+00	1.338317e+00	4.641280e+00	3.909799e+00	3.309209e+00	2.901992e+00	2.493545e+00	3.459056e+00	2.975399e+00	2.252662e+00	3.309209e+00
10700	3.427777e+00	2.695623e+00	2.214708e+00	1.860930e+00	1.616839e+00	1.445654e+00	1.330371e+00	4.608691e+00	3.883373e+00	3.286157e+00	2.875295e+00	2.471627e+00	3.435923e+00	2.934960e+00	2.223394e+00	3.286157e+00
10800	3.407803e+00	2.677639e+00	2.198455e+00	1.847132e+00	1.605777e+00	1.437096e+00	1.322296e+00	4.576479e+00	3.856315e+00	3.263131e+00	2.849176e+00	2.451161e+00	3.412237e+00	2.895597e+00	2.198128e+00	3.263131e+00
10900	3.388158e+00	2.659692e+00	2.182073e+00	1.833378e+00	1.594973e+00	1.428647e+00	1.314234e+00	4.544655e+00	3.828725e+00	3.240162e+00	2.823700e+00	2.432314e+00	3.388086e+00	2.857463e+00	2.177000e+00	3.240162e+00
11000	3.368824e+00	2.641797e+00	2.165600e+00	1.819685e+00	1.584414e+00	1.420302e+00	1.305979e+00	4.513224e+00	3.800702e+00	3.217282e+00	2.798906e+00	2.415071e+00	3.363556e+00	2.820684e+00	2.160096e+00	3.217282e+00
11100	3.349783e+00	2.623970e+00	2.149075e+00	1.806073e+00	1.574086e+00	1.412018e+00	1.297405e+00	4.482196e+00	3.772346e+00	3.194521e+00	2.774848e+00	2.399588e+00	3.338734e+00	2.785399e+00	2.147722e+00	3.194521e+00
11200	3.331018e+00	2.606228e+00	2.132536e+00	1.792559e+00	1.563973e+00	1.403781e+00	1.288711e+00	4.451577e+00	3.743757e+00	3.171912e+00	2.751576e+00	2.385713e+00	3.313706e+00	2.751746e+00	2.140085e+00	3.171912e+00
11300	3.312511e+00	2.588587e+00	2.116021e+00	1.779161e+00	1.554062e+00	1.395579e+00	1.279779e+00	4.421375e+00	3.715034e+00	3.149485e+00	2.729116e+00	2.373698e+00	3.288559e+00	2.719864e+00	2.137392e+00	3.149485e+00
11400	3.294245e+00	2.571063e+00	2.099570e+00	1.765899e+00	1.544338e+00	1.387384e+00	1.270506e+00	4.391598e+00	3.686276e+00	3.127271e+00	2.707542e+00	2.363665e+00	3.263379e+00	2.689891e+00	2.139851e+00	3.127271e+00
11500	3.276202e+00	2.553672e+00	2.083220e+00	1.752789e+00	1.534787e+00	1.379176e+00	1.260862e+00	4.362255e+00	3.657584e+00	3.105303e+00	2.686885e+00	2.355337e+00	3.238253e+00	2.661965e+00	2.147670e+00	3.105303e+00
11600	3.258364e+00	2.536432e+00	2.067010e+00	1.739851e+00	1.525394e+00	1.370923e+00	1.250919e+00	4.333352e+00	3.629056e+00	3.083610e+00	2.667180e+00	2.349070e+00	3.213267e+00	2.636225e+00	2.161168e+00	3.083610e+00
11700	3.240715e+00	2.519357e+00	2.050978e+00	1.727103e+00	1.516144e+00	1.362623e+00	1.240744e+00	4.304897e+00	3.600792e+00	3.062224e+00	2.648492e+00	2.345050e+00	3.188508e+00	2.612821e+00	2.180467e+00	3.062224e+00
11800	3.223235e+00	2.502465e+00	2.035163e+00	1.714562e+00	1.507024e+00	1.354256e+00	1.230129e+00	4.276898e+00	3.572893e+00	3.041176e+00	2.630870e+00	2.343190e+00	3.164063e+00	2.591881e+00	2.205638e+00	3.041176e+00
11900	3.205908e+00	2.485771e+00	2.019603e+00	1.702247e+00	1.498019e+00	1.345793e+00	1.219155e+00	4.249364e+00	3.545457e+00	3.020498e+00	2.614361e+00	2.342877e+00	3.140018e+00	2.573542e+00	2.235096e+00	3.020498e+00
12000	3.188717e+00	2.469292e+00	2.004336e+00	1.690177e+00	1.489115e+00	1.337229e+00	1.208542e+00	4.222301e+00	3.518584e+00	3.000221e+00	2.598931e+00	2.341142e+00	3.116460e+00	2.557752e+00	2.258679e+00	3.000221e+00
12100	3.171645e+00	2.453041e+00	1.989394e+00	1.678365e+00	1.480299e+00	1.328634e+00	1.199190e+00	4.195714e+00	3.492355e+00	2.980369e+00	2.584286e+00	2.335128e+00	3.093459e+00	2.543635e+00	2.266128e+00	2.980369e+00
12200	3.154691e+00	2.437017e+00	1.974778e+00	1.666810e+00	1.471567e+00	1.320113e+00	1.190783e+00	4.169599e+00	3.466775e+00	2.960940e+00	2.570103e+00	2.326233e+00	3.071020e+00	2.530231e+00	2.262788e+00	2.960940e+00
12300	3.137855e+00	2.421220e+00	1.960482e+00	1.655507e+00	1.462919e+00	1.311673e+00	1.182511e+00	4.143948e+00	3.441833e+00	2.941926e+00	2.556301e+00	2.316909e+00	3.049132e+00	2.517329e+00	2.257826e+00	2.941926e+00
12400	3.121136e+00	2.405645e+00	1.946500e+00	1.644451e+00	1.454352e+00	1.303311e+00	1.174303e+00	4.118753e+00	3.417514e+00	2.923318e+00	2.542855e+00	2.307719e+00	3.027784e+00	2.504913e+00	2.253279e+00	2.923318e+00
12500	3.104535e+00	2.390290e+00	1.932826e+00	1.633637e+00	1.445866e+00	1.295027e+00	1.166088e+00	4.094006e+00	3.393807e+00	2.905107e+00	2.529753e+00	2.298824e+00	3.006965e+00	2.492977e+00	2.248888e+00	2.905107e+00
12600	3.088052e+00	2.375152e+00	1.919454e+00	1.623058e+00	1.437458e+00	1.286807e+00	1.157984e+00	4.069699e+00	3.370698e+00	2.887284e+00	2.516991e+00	2.290326e+00	2.986665e+00	2.481481e+00	2.244578e+00	2.887284e+00
12700	3.071687e+00	2.360228e+00	1.906379e+00	1.612711e+00	1.429127e+00	1.278668e+00	1.149953e+00	4.045825e+00	3.348175e+00	2.869841e+00	2.504568e+00	2.281849e+00	2.966871e+00	2.470415e+00	2.240602e+00	2.869841e+00
12800	3.055439e+00	2.345516e+00	1.893594e+00	1.602590e+00	1.420872e+00	1.270591e+00	1.141959e+00	4.022375e+00	3.326225e+00	2.852770e+00	2.492439e+00	2.273408e+00	2.947574e+00	2.459766e+00	2.236672e+00	2.852770e+00
12900	3.039310e+00	2.331013e+00	1.881093e+00	1.592689e+00	1.412690e+00	1.262589e+00	1.134105e+00	3.999342e+00	3.304834e+00	2.836060e+00	2.480611e+00	2.265310e+00	2.928761e+00	2.449500e+00	2.233006e+00	2.836060e+00
13000	3.023298e+00	2.316715e+00	1.868871e+00	1.583003e+00	1.404582e+00	1.254655e+00	1.126152e+00	3.976719e+00	3.283991e+00	2.819705e+00	2.469073e+00	2.257249e+00	2.910422e+00	2.439627e+00	2.229631e+00	2.819705e+00
13100	3.007404e+00	2.302621e+00	1.856922e+00	1.573528e+00	1.396544e+00	1.246774e+00	1.118223e+00	3.954496e+00	3.263682e+00	2.803694e+00	2.457799e+00	2.249385e+00	2.892546e+00	2.430116e+00	2.226221e+00	2.803694e+00
13200	2.991629e+00	2.288727e+00	1.845239e+00	1.564257e+00	1.388576e+00	1.238954e+00	1.110410e+00	3.932667e+00	3.243894e+00	2.788020e+00	2.446800e+00	2.241639e+00	2.875122e+00	2.420950e+00	2.222739e+00	2.788020e+00
13300	2.975972e+00	2.275031e+00	1.833816e+00	1.555186e+00	1.380675e+00	1.231192e+00	1.102794e+00	3.911223e+00	3.224615e+00	2.772674e+00	2.436040e+00	2.233638e+00	2.858139e+00	2.412097e+00	2.219278e+00	2.772674e+00
13400	2.960432e+00	2.261530e+00	1.822648e+00	1.546309e+00	1.372841e+00	1.223508e+00	1.095093e+00	3.890158e+00	3.205831e+00	2.757647e+00	2.425495e+00	2.225862e+00	2.841585e+00	2.403552e+00	2.216132e+00	2.757647e+00
13500	2.945012e+00	2.248220e+00	1.811729e+00	1.537622e+00	1.365073e+00	1.215859e+00	1.087229e+00	3.869462e+00	3.187531e+00	2.742929e+00	2.415183e+00	2.218470e+00	2.825450e+00	2.395313e+00	2.212858e+00	2.742929e+00
13600	2.929709e+00	2.235100e+00	1.801053e+00	1.529118e+00	1.357367e+00	1.208262e+00	1.079551e+00	3.849129e+00	3.169700e+00	2.728514e+00	2.405095e+00	2.210691e+00	2.809723e+00	2.387334e+00	2.209221e+00	2.728514e+00
13700	2.914525e+00	2.222167e+00	1.790613e+00	1.520794e+00	1.349724e+00	1.200717e+00	1.071901e+00	3.829149e+00	3.152327e+00	2.714392e+00	2.395171e+00	2.202850e+00	2.794392e+00	2.379597e+00	2.205961e+00	2.714392e+00
13800	2.899459e+00	2.209417e+00	1.780405e+00	1.512642e+00	1.342140e+00	1.193218e+00	1.064360e+00	3.809517e+00	3.135398e+00	2.700553e+00	2.385441e+00	2.195349e+00	2.779446e+00	2.372125e+00	2.202669e+00	2.700553e+00
13900	2.884512e+00	2.196848e+00	1.770421e+00	1.504659e+00	1.334616e+00	1.185777e+00	1.056774e+00	3.790223e+00	3.118901e+00	2.686991e+00	2.375886e+00	2.187476e+00	2.764876e+00	2.364862e+00	2.198766e+00	2.686991e+00
14000	2.869683e+00	2.184458e+00	1.760657e+00	1.496839e+00	1.327149e+00	1.178369e+00	1.049100e+00	3.771260e+00	3.102823e+00	2.673695e+00	2.366465e+00	2.179622e+00	2.750668e+00	2.357786e+00	2.195181e+00	2.673695e+00
14100	2.854973e+00	2.172243e+00	1.751106e+00	1.489176e+00	1.319738e+00	1.171003e+00	1.041526e+00	3.752620e+00	3.087150e+00	2.660657e+00	2.357202e+00	2.171953e+00	2.736813e+00	2.350924e+00	2.191486e+00	2.660657e+00
14200	2.840382e+00	2.160200e+00	1.741761e+00	1.481666e+00	1.312381e+00	1.163677e+00	1.034055e+00	3.734296e+00	3.071871e+00	2.647869e+00	2.348071e+00	2.163841e+00	2.723300e+00	2.344217e+00	2.187078e+00	2.647869e+00
14300	2.825909e+00	2.148327e+00	1.732618e+00	1.474303e+00	1.305077e+00	1.156398e+00	1.026522e+00	3.716279e+00	3.056971e+00	2.635322e+00	2.339038e+00	2.155697e+00	2.710117e+00	2.337645e+00	2.182588e+00	2.635322e+00
14400	2.811556e+00	2.136621e+00	1.723670e+00	1.467082e+00	1.297825e+00	1.149145e+00	1.018792e+00	3.698562e+00	3.042439e+00	2.623006e+00	2.330122e+00	2.147692e+00	2.697253e+00	2.331205e+00	2.178020e+00	2.623006e+00
14500	2.797321e+00	2.125080e+00	1.714912e+00	1.459998e+00	1.290622e+00	1.141914e+00	1.011226e+00	3.681136e+00	3.028262e+00	2.610915e+00	2.321302e+00	2.139175e+00	2.684697e+00	2.324880e+00	2.173359e+00	2.610915e+00
14600	2.783205e+00	2.113700e+00	1.706337e+00	1.453046e+00	1.283467e+00	1.134724e+00	1.003870e+00	3.663995e+00	3.014427e+00	2.599038e+00	2.312537e+00	2.130445e+00	2.672438e+00	2.318665e+00	2.168434e+00	2.599038e+00
14700	2.769207e+00	2.102479e+00	1.697939e+00	1.446220e+00	1.276359e+00	1.127574e+00	9.963437e-01	3.647130e+00	3.000920e+00	2.587367e+00	2.303841e+00	2.121785e+00	2.660466e+00	2.312532e+00	2.162832e+00	2.587367e+00
14800	2.755329e+00	2.091413e+00	1.689713e+00	1.439515e+00	1.269297e+00	1.120441e+00	9.885965e-01	3.630533e+00	2.987729e+00	2.575893e+00	2.295199e+00	2.112927e+00	2.648769e+00	2.306445e+00	2.156665e+00	2.575893e+00
14900	2.741570e+00	2.080501e+00	1.681652e+00	1.432926e+00	1.262278e+00	1.113321e+00	9.810126e-01	3.614197e+00	2.974842e+00	2.564608e+00	2.286599e+00	2.103854e+00	2.637336e+00	2.300387e+00	2.150456e+00	2.564608e+00
15000	2.727930e+00	2.069739e+00	1.673751e+00	1.426447e+00	1.255301e+00	1.106233e+00	9.735360e-01	3.598114e+00	2.962245e+00	2.553503e+00	2.278028e+00	2.094412e+00	2.626155e+00	2.294370e+00	2.144246e+00	2.553503e+00
15100	2.714410e+00	2.059125e+00	1.666004e+00	1.420074e+00	1.248365e+00	1.099166e+00	9.659465e-01	3.582276e+00	2.949926e+00	2.542570e+00	2.269461e+00	2.084418e+00	2.615217e+00	2.288378e+00	2.137267e+00	2.542570e+00
15200	2.701008e+00	2.048655e+00	1.658404e+00	1.413801e+00	1.241468e+00	1.092117e+00	9.583388e-01	3.566675e+00	2.937871e+00	2.531799e+00	2.260872e+00	2.074508e+00	2.604510e+00	2.282361e+00	2.129420e+00	2.531799e+00
15300	2.687726e+00	2.038328e+00	1.650946e+00	1.407623e+00	1.234609e+00	1.085084e+00	9.507107e-01	3.551303e+00	2.926069e+00	2.521181e+00	2.252296e+00	2.064491e+00	2.594023e+00	2.276303e+00	2.121248e+00	2.521181e+00
15400	2.674564e+00	2.028140e+00	1.643624e+00	1.401534e+00	1.227786e+00	1.078065e+00	9.430586e-01	3.536153e+00	2.914505e+00	2.510710e+00	2.243687e+00	2.053724e+00	2.583744e+00	2.270200e+00	2.112957e+00	2.510710e+00
15500	2.661520e+00	2.018088e+00	1.636432e+00	1.395530e+00	1.220998e+00	1.071058e+00	9.352721e-01	3.521217e+00	2.903167e+00	2.500374e+00	2.235027e+00	2.042884e+00	2.573663e+00	2.264051e+00	2.104165e+00	2.500374e+00
15600	2.648596e+00	2.008170e+00	1.629364e+00	1.389605e+00	1.214243e+00	1.064048e+00	9.274321e-01	3.506487e+00	2.892043e+00	2.490167e+00	2.226332e+00	2.031576e+00	2.563769e+00	2.257822e+00	2.094617e+00	2.490167e+00
15700	2.635792e+00	1.998383e+00	1.622414e+00	1.383754e+00	1.207519e+00	1.057046e+00	9.197758e-01	3.491954e+00	2.881120e+00	2.480079e+00	2.217549e+00	2.019706e+00	2.554051e+00	2.251496e+00	2.084276e+00	2.480079e+00
15800	2.623107e+00	1.988724e+00	1.615576e+00	1.377972e+00	1.200825e+00	1.050059e+00	9.121075e-01	3.477613e+00	2.870384e+00	2.470101e+00	2.208690e+00	2.007741e+00	2.544498e+00	2.245041e+00	2.073077e+00	2.470101e+00
15900	2.610542e+00	1.979190e+00	1.608844e+00	1.372253e+00	1.194160e+00	1.043076e+00	9.042916e-01	3.463453e+00	2.859823e+00	2.460225e+00	2.199743e+00	1.995375e+00	2.535098e+00	2.238436e+00	2.061832e+00	2.460225e+00
16000	2.598097e+00	1.969779e+00	1.602212e+00	1.366593e+00	1.187522e+00	1.036093e+00	8.963191e-01	3.449469e+00	2.849425e+00	2.450442e+00	2.190695e+00	1.982436e+00	2.525840e+00	2.231712e+00	2.050195e+00	2.450442e+00
16100	2.585772e+00	1.960487e+00	1.595675e+00	1.360985e+00	1.180910e+00	1.029098e+00	8.882781e-01	3.435651e+00	2.839175e+00	2.440744e+00	2.181521e+00	1.969031e+00	2.516715e+00	2.224822e+00	2.037013e+00	2.440744e+00
16200	2.573566e+00	1.951313e+00	1.589226e+00	1.355426e+00	1.174321e+00	1.022099e+00	8.804197e-01	3.421992e+00	2.829062e+00	2.431121e+00	2.172218e+00	1.955163e+00	2.507710e+00	2.217714e+00	2.023041e+00	2.431121e+00
16300	2.561480e+00	1.942253e+00	1.582859e+00	1.349909e+00	1.167755e+00	1.015106e+00	8.724165e-01	3.408485e+00	2.819072e+00	2.421566e+00	2.162763e+00	1.940792e+00	2.498814e+00	2.210402e+00	2.009197e+00	2.421566e+00
16400	2.549514e+00	1.933304e+00	1.576568e+00	1.344429e+00	1.161210e+00	1.008093e+00	8.643392e-01	3.395121e+00	2.809193e+00	2.412068e+00	2.153153e+00	1.926080e+00	2.490016e+00	2.202901e+00	1.994426e+00	2.412068e+00
16500	2.537668e+00	1.924464e+00	1.570348e+00	1.338981e+00	1.154684e+00	1.001081e+00	8.563478e-01	3.381893e+00	2.799412e+00	2.402621e+00	2.143378e+00	1.910695e+00	2.481307e+00	2.195148e+00	1.978153e+00	2.402621e+00
16600	2.525943e+00	1.915729e+00	1.564193e+00	1.333560e+00	1.148177e+00	9.940579e-01	8.479312e-01	3.368793e+00	2.789716e+00	2.393214e+00	2.133410e+00	1.894914e+00	2.472673e+00	2.187120e+00	1.961472e+00	2.393214e+00
16700	2.514337e+00	1.907098e+00	1.558096e+00	1.328161e+00	1.141686e+00	9.869963e-01	8.395263e-01	3.355812e+00	2.780093e+00	2.383840e+00	2.123264e+00	1.878440e+00	2.464105e+00	2.178836e+00	1.943967e+00	2.383840e+00
16800	2.502851e+00	1.898567e+00	1.552052e+00	1.322778e+00	1.135209e+00	9.799290e-01	8.314515e-01	3.342944e+00	2.770528e+00	2.374490e+00	2.112886e+00	1.861008e+00	2.455591e+00	2.170243e+00	1.925319e+00	2.374490e+00
16900	2.491486e+00	1.890134e+00	1.546055e+00	1.317406e+00	1.128746e+00	9.728556e-01	8.232106e-01	3.330180e+00	2.761010e+00	2.365154e+00	2.102274e+00	1.843630e+00	2.447120e+00	2.161341e+00	1.906236e+00	2.365154e+00
17000	2.480241e+00	1.881795e+00	1.540098e+00	1.312040e+00	1.122295e+00	9.657614e-01	8.146436e-01	3.317513e+00	2.751526e+00	2.355824e+00	2.091460e+00	1.825528e+00	2.438681e+00	2.152129e+00	1.886015e+00	2.355824e+00
17100	2.469116e+00	1.873549e+00	1.534176e+00	1.306675e+00	1.115855e+00	9.586327e-01	8.058457e-01	3.304935e+00	2.742063e+00	2.346493e+00	2.080374e+00	1.806406e+00	2.430264e+00	2.142557e+00	1.864565e+00	2.346493e+00
17200	2.458112e+00	1.865391e+00	1.528283e+00	1.301305e+00	1.109423e+00	9.514656e-01	7.973374e-01	3.292438e+00	2.732608e+00	2.337149e+00	2.069030e+00	1.786981e+00	2.421856e+00	2.132621e+00	1.842368e+00	2.337149e+00
17300	2.447229e+00	1.857320e+00	1.522413e+00	1.295925e+00	1.102998e+00	9.442952e-01	7.887960e-01	3.280013e+00	2.723148e+00	2.327787e+00	2.057417e+00	1.766719e+00	2.413448e+00	2.122306e+00	1.819161e+00	2.327787e+00
17400	2.436465e+00	1.849333e+00	1.516560e+00	1.290530e+00	1.096580e+00	9.370841e-01	7.798837e-01	3.267654e+00	2.713671e+00	2.318395e+00	2.045505e+00	1.745745e+00	2.405027e+00	2.111593e+00	1.794916e+00	2.318395e+00
17500	2.425823e+00	1.841426e+00	1.510718e+00	1.285115e+00	1.090165e+00	9.298400e-01	7.711541e-01	3.255353e+00	2.704163e+00	2.308967e+00	2.033298e+00	1.724069e+00	2.396584e+00	2.100467e+00	1.769609e+00	2.308967e+00
17600	2.415301e+00	1.833598e+00	1.504882e+00	1.279675e+00	1.083754e+00	9.225757e-01	7.620849e-01	3.243102e+00	2.694611e+00	2.299492e+00	2.020767e+00	1.701830e+00	2.388106e+00	2.088906e+00	1.743210e+00	2.299492e+00
17700	2.404899e+00	1.825844e+00	1.499044e+00	1.274204e+00	1.077344e+00	9.152499e-01	7.528746e-01	3.230892e+00	2.685004e+00	2.289963e+00	2.007928e+00	1.678881e+00	2.379584e+00	2.076896e+00	1.715433e+00	2.289963e+00
17800	2.394619e+00	1.818164e+00	1.493200e+00	1.268696e+00	1.070933e+00	9.078977e-01	7.438699e-01	3.218716e+00	2.675328e+00	2.280371e+00	1.994740e+00	1.654775e+00	2.371005e+00	2.064400e+00	1.686473e+00	2.280371e+00
17900	2.384459e+00	1.810553e+00	1.487342e+00	1.263148e+00	1.064521e+00	9.005059e-01	7.346288e-01	3.206567e+00	2.665570e+00	2.270707e+00	1.981189e+00	1.630051e+00	2.362359e+00	2.051418e+00	1.656872e+00	2.270707e+00
18000	2.374420e+00	1.803009e+00	1.481467e+00	1.257553e+00	1.058105e+00	8.930707e-01	7.252858e-01	3.194436e+00	2.655717e+00	2.260962e+00	1.967277e+00	1.604724e+00	2.353634e+00	2.037950e+00	1.626113e+00	2.260962e+00
18100	2.364502e+00	1.795529e+00	1.475566e+00	1.251906e+00	1.051685e+00	8.855916e-01	7.156924e-01	3.182316e+00	2.645757e+00	2.251128e+00	1.952991e+00	1.578392e+00	2.344821e+00	2.023962e+00	1.593318e+00	2.251128e+00
18200	2.354705e+00	1.788110e+00	1.469635e+00	1.246202e+00	1.045258e+00	8.780520e-01	7.062611e-01	3.170199e+00	2.635676e+00	2.241196e+00	1.938303e+00	1.551002e+00	2.335907e+00	2.009399e+00	1.559750e+00	2.241196e+00
18300	2.345029e+00	1.780750e+00	1.463668e+00	1.240437e+00	1.038823e+00	8.704891e-01	6.967699e-01	3.158077e+00	2.625462e+00	2.231157e+00	1.923198e+00	1.523128e+00	2.326881e+00	1.994315e+00	1.525246e+00	2.231157e+00
18400	2.335475e+00	1.773446e+00	1.457658e+00	1.234603e+00	1.032380e+00	8.628634e-01	6.866933e-01	3.145942e+00	2.615103e+00	2.221002e+00	1.907696e+00	1.494617e+00	2.317734e+00	1.978640e+00	1.488854e+00	2.221002e+00
18500	2.326041e+00	1.766195e+00	1.451600e+00	1.228698e+00	1.025925e+00	8.551700e-01	6.767738e-01	3.133786e+00	2.604584e+00	2.210724e+00	1.891769e+00	1.464617e+00	2.308452e+00	1.962372e+00	1.451409e+00	2.210724e+00
18600	2.316729e+00	1.758994e+00	1.445488e+00	1.222714e+00	1.019458e+00	8.474346e-01	6.667588e-01	3.121602e+00	2.593894e+00	2.200313e+00	1.875371e+00	1.433856e+00	2.299027e+00	1.945497e+00	1.412320e+00	2.200313e+00
18700	2.307537e+00	1.751841e+00	1.439315e+00	1.216647e+00	1.012977e+00	8.396280e-01	6.566141e-01	3.109382e+00	2.583020e+00	2.189760e+00	1.858536e+00	1.402403e+00	2.289445e+00	1.927974e+00	1.372394e+00	2.189760e+00
18800	2.298468e+00	1.744732e+00	1.433076e+00	1.210492e+00	1.006480e+00	8.317756e-01	6.465445e-01	3.097118e+00	2.571948e+00	2.179058e+00	1.841222e+00	1.369564e+00	2.279697e+00	1.909845e+00	1.330836e+00	2.179058e+00
18900	2.289519e+00	1.737666e+00	1.426765e+00	1.204243e+00	9.999671e-01	8.238636e-01	6.360199e-01	3.084802e+00	2.560666e+00	2.168196e+00	1.823413e+00	1.336153e+00	2.269772e+00	1.891016e+00	1.287183e+00	2.168196e+00
19000	2.280692e+00	1.730638e+00	1.420376e+00	1.197895e+00	9.934353e-01	8.158735e-01	6.253844e-01	3.072426e+00	2.549161e+00	2.157167e+00	1.805129e+00	1.301794e+00	2.259657e+00	1.871506e+00	1.243258e+00	2.157167e+00
19100	2.271987e+00	1.723647e+00	1.413903e+00	1.191444e+00	9.868836e-01	8.078225e-01	6.147689e-01	3.059983e+00	2.537421e+00	2.145962e+00	1.786325e+00	1.265977e+00	2.249343e+00	1.851337e+00	1.197318e+00	2.145962e+00
19200	2.263403e+00	1.716689e+00	1.407340e+00	1.184883e+00	9.803104e-01	7.997015e-01	6.039494e-01	3.047465e+00	2.525432e+00	2.134572e+00	1.766988e+00	1.229327e+00	2.238819e+00	1.830416e+00	1.149184e+00	2.134572e+00
19300	2.254941e+00	1.709762e+00	1.400681e+00	1.178207e+00	9.737142e-01	7.915098e-01	5.930064e-01	3.034864e+00	2.513181e+00	2.122988e+00	1.747121e+00	1.191862e+00	2.228072e+00	1.808760e+00	1.100112e+00	2.122988e+00
19400	2.246600e+00	1.702863e+00	1.393921e+00	1.171412e+00	9.670935e-01	7.832452e-01	5.819036e-01	3.022171e+00	2.500656e+00	2.111202e+00	1.726710e+00	1.153121e+00	2.217093e+00	1.786355e+00	1.049475e+00	2.111202e+00
19500	2.238381e+00	1.695990e+00	1.387052e+00	1.164492e+00	9.604468e-01	7.749043e-01	5.706522e-01	3.009381e+00	2.487844e+00	2.099205e+00	1.705727e+00	1.113506e+00	2.205869e+00	1.763180e+00	9.975613e-01	2.099205e+00
19600	2.230284e+00	1.689138e+00	1.380070e+00	1.157441e+00	9.537725e-01	7.664861e-01	5.592688e-01	2.996483e+00	2.474731e+00	2.086988e+00	1.684192e+00	1.072830e+00	2.194391e+00	1.739240e+00	9.437493e-01	2.086988e+00
19700	2.222309e+00	1.682307e+00	1.372968e+00	1.150255e+00	9.470692e-01	7.579886e-01	5.477337e-01	2.983471e+00	2.461306e+00	2.074544e+00	1.662059e+00	1.030327e+00	2.182647e+00	1.714476e+00	8.876084e-01	2.074544e+00
19800	2.214455e+00	1.675492e+00	1.365740e+00	1.142928e+00	9.403353e-01	7.494096e-01	5.360263e-01	2.970338e+00	2.447556e+00	2.061862e+00	1.639297e+00	9.870897e-01	2.170626e+00	1.688872e+00	8.303987e-01	2.061862e+00
19900	2.206724e+00	1.668692e+00	1.358381e+00	1.135456e+00	9.335694e-01	7.407455e-01	5.241583e-01	2.957074e+00	2.433467e+00	2.048934e+00	1.615943e+00	9.432047e-01	2.158316e+00	1.662448e+00	7.718531e-01	2.048934e+00
20000	2.199115e+00	1.661903e+00	1.350885e+00	1.127832e+00	9.267698e-01	7.319955e-01	5.121292e-01	2.943672e+00	2.419026e+00	2.035752e+00	1.591969e+00	8.976877e-01	2.145708e+00	1.635168e+00	7.109230e-01	2.035752e+00
20100	2.191628e+00	1.655122e+00	1.343245e+00	1.120051e+00	9.199352e-01	7.231562e-01	4.999335e-01	2.930125e+00	2.404222e+00	2.022307e+00	1.567343e+00	8.509556e-01	2.132789e+00	1.606993e+00	6.485347e-01	2.022307e+00
20200	2.184263e+00	1.648347e+00	1.335456e+00	1.112110e+00	9.130638e-01	7.142265e-01	4.876072e-01	2.916425e+00	2.389040e+00	2.008590e+00	1.542071e+00	8.030179e-01	2.119549e+00	1.577947e+00	5.847429e-01	2.008590e+00
20300	2.177020e+00	1.641575e+00	1.327511e+00	1.104001e+00	9.061544e-01	7.052062e-01	4.750776e-01	2.902563e+00	2.373469e+00	1.994593e+00	1.516122e+00	7.538280e-01	2.105977e+00	1.547991e+00	5.184662e-01	1.994593e+00
20400	2.169899e+00	1.634803e+00	1.319405e+00	1.095720e+00	8.992053e-01	6.960883e-01	4.623511e-01	2.888533e+00	2.357495e+00	1.980306e+00	1.489499e+00	7.036436e-01	2.092062e+00	1.517088e+00	4.503142e-01	1.980306e+00
20500	2.162901e+00	1.628029e+00	1.311132e+00	1.087261e+00	8.922150e-01	6.868738e-01	4.494670e-01	2.874325e+00	2.341106e+00	1.965722e+00	1.462191e+00	6.519551e-01	2.077792e+00	1.485240e+00	3.809968e-01	1.965722e+00
20600	2.156025e+00	1.621249e+00	1.302686e+00	1.078621e+00	8.851820e-01	6.775590e-01	4.364203e-01	2.859933e+00	2.324288e+00	1.950831e+00	1.434166e+00	5.989572e-01	2.063157e+00	1.452449e+00	3.094842e-01	1.950831e+00
20700	2.149271e+00	1.614462e+00	1.294060e+00	1.069792e+00	8.781047e-01	6.681446e-01	4.232139e-01	2.845349e+00	2.307029e+00	1.935625e+00	1.405429e+00	5.449177e-01	2.048146e+00	1.418659e+00	2.353090e-01	1.935625e+00
20800	2.142640e+00	1.607663e+00	1.285250e+00	1.060770e+00	8.709818e-01	6.586272e-01	4.097850e-01	2.830564e+00	2.289316e+00	1.920095e+00	1.375967e+00	4.893100e-01	2.032747e+00	1.383849e+00	1.598647e-01	1.920095e+00
20900	2.136132e+00	1.600851e+00	1.276249e+00	1.051550e+00	8.638116e-01	6.490029e-01	3.961459e-01	2.815571e+00	2.271137e+00	1.904233e+00	1.345750e+00	4.323381e-01	2.016949e+00	1.348044e+00	8.322178e-02	1.904233e+00
21000	2.129746e+00	1.594022e+00	1.267051e+00	1.042126e+00	8.565927e-01	6.392697e-01	3.823326e-01	2.800363e+00	2.252477e+00	1.888029e+00	1.314781e+00	3.740115e-01	2.000742e+00	1.311228e+00	3.906250e-03	1.888029e+00
21100	2.123483e+00	1.587174e+00	1.257650e+00	1.032494e+00	8.493234e-01	6.294267e-01	3.683653e-01	2.784931e+00	2.233326e+00	1.871476e+00	1.283032e+00	3.142834e-01	1.984115e+00	1.273340e+00	-7.820603e-02	1.871476e+00
21200	2.117342e+00	1.580303e+00	1.248040e+00	1.022647e+00	8.420024e-01	6.194736e-01	3.541647e-01	2.769267e+00	2.213668e+00	1.854563e+00	1.250504e+00	2.534317e-01	1.967056e+00	1.234363e+00	-1.620423e-01	1.854563e+00
21300	2.111325e+00	1.573408e+00	1.238215e+00	1.012582e+00	8.346281e-01	6.094034e-01	3.397386e-01	2.753364e+00	2.193493e+00	1.837284e+00	1.217188e+00	1.909081e-01	1.949554e+00	1.194299e+00	-2.472002e-01	1.837284e+00
21400	2.105430e+00	1.566486e+00	1.228170e+00	1.002291e+00	8.271989e-01	5.992171e-01	3.251501e-01	2.737214e+00	2.172787e+00	1.819628e+00	1.183049e+00	1.269249e-01	1.931598e+00	1.153152e+00	-3.344088e-01	1.819628e+00
21500	2.099658e+00	1.559533e+00	1.217898e+00	9.917716e-01	8.197134e-01	5.889124e-01	3.103565e-01	2.720809e+00	2.151537e+00	1.801588e+00	1.148095e+00	6.149574e-02	1.913178e+00	1.110884e+00	-4.245027e-01	1.801588e+00
21600	2.094009e+00	1.552547e+00	1.207394e+00	9.810167e-01	8.121700e-01	5.784873e-01	2.953547e-01	2.704141e+00	2.129730e+00	1.783154e+00	1.112294e+00	-5.430143e-03	1.894282e+00	1.067456e+00	-5.167928e-01	1.783154e+00
21700	2.088483e+00	1.545525e+00	1.196651e+00	9.700217e-01	8.045673e-01	5.679397e-01	2.800996e-01	2.687203e+00	2.107354e+00	1.764318e+00	1.075650e+00	-7.355833e-02	1.874899e+00	1.022870e+00	-6.104816e-01	1.764318e+00
21800	2.083080e+00	1.538464e+00	1.185663e+00	9.587812e-01	7.969037e-01	5.572641e-01	2.646451e-01	2.669986e+00	2.084396e+00	1.745071e+00	1.038152e+00	-1.431814e-01	1.855018e+00	9.771320e-01	-7.067236e-01	1.745071e+00
21900	2.077800e+00	1.531361e+00	1.174426e+00	9.472900e-01	7.891776e-01	5.464630e-01	2.490186e-01	2.652484e+00	2.060842e+00	1.725405e+00	9.997850e-01	-2.146039e-01	1.834629e+00	9.301809e-01	-8.060328e-01	1.725405e+00
22000	2.072643e+00	1.524215e+00	1.162931e+00	9.355430e-01	7.813877e-01	5.355330e-01	2.331076e-01	2.634687e+00	2.036680e+00	1.705311e+00	9.605193e-01	-2.878864e-01	1.813719e+00	8.819970e-01	-9.068468e-01	1.705311e+00
22100	2.067610e+00	1.517021e+00	1.151175e+00	9.235348e-01	7.735323e-01	5.244685e-01	2.169888e-01	2.616588e+00	2.011898e+00	1.684780e+00	9.203410e-01	-3.621825e-01	1.792278e+00	8.326076e-01	-1.009497e+00	1.684780e+00
22200	2.062700e+00	1.509778e+00	1.139151e+00	9.112602e-01	7.656099e-01	5.132720e-01	2.006903e-01	2.598180e+00	1.986482e+00	1.663803e+00	8.792735e-01	-4.380164e-01	1.770295e+00	7.819732e-01	-1.114858e+00	1.663803e+00
22300	2.057913e+00	1.502481e+00	1.126852e+00	8.987141e-01	7.576191e-01	5.019400e-01	1.841189e-01	2.579455e+00	1.960419e+00	1.642373e+00	8.372687e-01	-5.160626e-01	1.747759e+00	7.300762e-01	-1.222553e+00	1.642373e+00
22400	2.053250e+00	1.495130e+00	1.114273e+00	8.858911e-01	7.495583e-01	4.904687e-01	1.673121e-01	2.560404e+00	1.933697e+00	1.620479e+00	7.943110e-01	-5.954637e-01	1.724659e+00	6.768990e-01	-1.332609e+00	1.620479e+00
22500	2.048710e+00	1.487720e+00	1.101408e+00	8.727860e-01	7.414260e-01	4.788574e-01	1.502698e-01	2.541020e+00	1.906303e+00	1.598114e+00	7.504077e-01	-6.761940e-01	1.700984e+00	6.224240e-01	-1.445476e+00	1.598114e+00
22600	2.044294e+00	1.480249e+00	1.088251e+00	8.593936e-01	7.332207e-01	4.671025e-01	1.329863e-01	2.521296e+00	1.878224e+00	1.575268e+00	7.055447e-01	-7.585681e-01	1.676723e+00	5.666110e-01	-1.560806e+00	1.575268e+00
22700	2.040001e+00	1.472715e+00	1.074797e+00	8.457086e-01	7.249408e-01	4.552032e-01	1.154843e-01	2.501222e+00	1.849447e+00	1.551934e+00	6.597105e-01	-8.432187e-01	1.651864e+00	5.094638e-01	-1.677727e+00	1.551934e+00
22800	2.035832e+00	1.465114e+00	1.061038e+00	8.317259e-01	7.165849e-01	4.431575e-01	9.773855e-02	2.480793e+00	1.819960e+00	1.528102e+00	6.128530e-01	-9.293200e-01	1.626397e+00	4.509886e-01	-1.797500e+00	1.528102e+00
22900	2.031786e+00	1.457444e+00	1.046970e+00	8.174401e-01	7.081514e-01	4.309633e-01	7.972244e-02	2.459999e+00	1.789749e+00	1.503763e+00	5.650157e-01	-1.016783e+00	1.600311e+00	3.911223e-01	-1.920243e+00	1.503763e+00
23000	2.027865e+00	1.449701e+00	1.032586e+00	8.028461e-01	6.996389e-01	4.186167e-01	6.142946e-02	2.438833e+00	1.758801e+00	1.478910e+00	5.161492e-01	-1.106311e+00	1.573594e+00	3.298690e-01	-2.045076e+00	1.478910e+00
23100	2.024067e+00	1.441884e+00	1.017880e+00	7.879386e-01	6.910457e-01	4.061155e-01	4.292735e-02	2.417287e+00	1.727105e+00	1.453532e+00	4.662573e-01	-1.197265e+00	1.546236e+00	2.672121e-01	-2.172456e+00	1.453532e+00
23200	2.020393e+00	1.433989e+00	1.002846e+00	7.727123e-01	6.823704e-01	3.934608e-01	2.419655e-02	2.395353e+00	1.694646e+00	1.427623e+00	4.153297e-01	-1.290293e+00	1.518225e+00	2.031330e-01	-2.302409e+00	1.427623e+00
23300	2.016843e+00	1.426014e+00	9.874794e-01	7.571621e-01	6.736115e-01	3.806489e-01	5.159048e-03	2.373024e+00	1.661413e+00	1.401172e+00	3.633317e-01	-1.385136e+00	1.489551e+00	1.376151e-01	-2.434961e+00	1.401172e+00
23400	2.013417e+00	1.417955e+00	9.717729e-01	7.412827e-01	6.647675e-01	3.676761e-01	-1.416814e-02	2.350292e+00	1.627392e+00	1.374172e+00	3.102715e-01	-1.481778e+00	1.460202e+00	7.063980e-02	-2.570140e+00	1.374172e+00
23500	2.010115e+00	1.409810e+00	9.557209e-01	7.250688e-01	6.558368e-01	3.545399e-01	-3.373944e-02	2.327148e+00	1.592570e+00	1.346613e+00	2.561151e-01	-1.580273e+00	1.430168e+00	2.190500e-03	-2.708433e+00	1.346613e+00
23600	2.006937e+00	1.401577e+00	9.393175e-01	7.085153e-01	6.468179e-01	3.412400e-01	-5.355403e-02	2.303585e+00	1.556935e+00	1.318487e+00	2.008697e-01	-1.680271e+00	1.399437e+00	-6.777500e-02	-2.848990e+00	1.318487e+00
23700	2.003884e+00	1.393252e+00	9.225568e-01	6.916168e-01	6.377093e-01	3.277742e-01	-7.366440e-02	2.279596e+00	1.520474e+00	1.289785e+00	1.445220e-01	-1.782452e+00	1.367998e+00	-1.392272e-01	-2.992213e+00	1.289785e+00
23800	2.000954e+00	1.384833e+00	9.054328e-01	6.743683e-01	6.285095e-01	3.141387e-01	-9.405191e-02	2.255172e+00	1.483174e+00	1.260499e+00	8.704000e-02	-1.886878e+00	1.335841e+00	-2.122300e-01	-3.138682e+00	1.260499e+00
23900	1.998149e+00	1.376317e+00	8.879396e-01	6.567643e-01	6.192169e-01	3.003329e-01	-1.146655e-01	2.230306e+00	1.445022e+00	1.230619e+00	2.840917e-02	-1.992558e+00	1.302953e+00	-2.867794e-01	-3.286488e+00	1.230619e+00
24000	1.995468e+00	1.367700e+00	8.700712e-01	6.387997e-01	6.098301e-01	2.863564e-01	-1.355807e-01	2.204989e+00	1.406006e+00	1.200137e+00	-3.134300e-02	-2.099762e+00	1.269325e+00	-3.628430e-01	-3.437939e+00	1.200137e+00
24100	1.992912e+00	1.358981e+00	8.518217e-01	6.204693e-01	6.003476e-01	2.722037e-01	-1.568333e-01	2.179215e+00	1.366112e+00	1.169045e+00	-9.224858e-02	-2.209571e+00	1.234946e+00	-4.405342e-01	-3.593738e+00	1.169045e+00
24200	1.990480e+00	1.350157e+00	8.331852e-01	6.017677e-01	5.907678e-01	2.578726e-01	-1.783495e-01	2.152975e+00	1.325327e+00	1.137334e+00	-1.543410e-01	-2.321713e+00	1.199803e+00	-5.198490e-01	-3.750983e+00	1.137334e+00
24300	1.988172e+00	1.341224e+00	8.141557e-01	5.826899e-01	5.810892e-01	2.433626e-01	-2.001547e-01	2.126261e+00	1.283640e+00	1.104995e+00	-2.176338e-01	-2.435865e+00	1.163886e+00	-6.007557e-01	-3.910557e+00	1.104995e+00
24400	1.985989e+00	1.332180e+00	7.947272e-01	5.632305e-01	5.713103e-01	2.286698e-01	-2.222284e-01	2.099065e+00	1.241036e+00	1.072019e+00	-2.821403e-01	-2.551335e+00	1.127184e+00	-6.832960e-01	-4.073509e+00	1.072019e+00
24500	1.983931e+00	1.323023e+00	7.748939e-01	5.433843e-01	5.614295e-01	2.137955e-01	-2.445934e-01	2.071381e+00	1.197504e+00	1.038397e+00	-3.478334e-01	-2.668442e+00	1.089686e+00	-7.674875e-01	-4.239378e+00	1.038397e+00
24600	1.981997e+00	1.313749e+00	7.546498e-01	5.231460e-01	5.514455e-01	1.987342e-01	-2.673129e-01	2.043199e+00	1.153030e+00	1.004122e+00	-4.147466e-01	-2.788426e+00	1.051381e+00	-8.533478e-01	-4.408090e+00	1.004122e+00
24700	1.980189e+00	1.304355e+00	7.339889e-01	5.025105e-01	5.413565e-01	1.834835e-01	-2.902826e-01	2.014513e+00	1.107601e+00	9.691839e-01	-4.829209e-01	-2.910468e+00	1.012258e+00	-9.408896e-01	-4.580067e+00	9.691839e-01
24800	1.978505e+00	1.294840e+00	7.129053e-01	4.814725e-01	5.311612e-01	1.680449e-01	-3.135524e-01	1.985313e+00	1.061205e+00	9.335744e-01	-5.523403e-01	-3.034169e+00	9.723062e-01	-1.030150e+00	-4.755379e+00	9.335744e-01
24900	1.976945e+00	1.285199e+00	6.913930e-01	4.600267e-01	5.208580e-01	1.524127e-01	-3.371593e-01	1.955594e+00	1.013829e+00	8.972848e-01	-6.230241e-01	-3.160101e+00	9.315138e-01	-1.121143e+00	-4.933329e+00	8.972848e-01
25000	1.975511e+00	1.275431e+00	6.694462e-01	4.381680e-01	5.104454e-01	1.365865e-01	-3.610481e-01	1.925346e+00	9.654600e-01	8.603065e-01	-6.949872e-01	-3.288179e+00	8.898702e-01	-1.213870e+00	-5.114114e+00	8.603065e-01
25100	1.974202e+00	1.265532e+00	6.470589e-01	4.158911e-01	4.999219e-01	1.205641e-01	-3.852773e-01	1.894562e+00	9.160850e-01	8.226307e-01	-7.682429e-01	-3.418384e+00	8.473642e-01	-1.308354e+00	-5.298131e+00	8.226307e-01
25200	1.973017e+00	1.255500e+00	6.242251e-01	3.931907e-01	4.892860e-01	1.043416e-01	-4.098539e-01	1.863233e+00	8.656914e-01	7.842488e-01	-8.428039e-01	-3.550736e+00	8.039850e-01	-1.404616e+00	-5.485362e+00	7.842488e-01
25300	1.971958e+00	1.245332e+00	6.009388e-01	3.700616e-01	4.785361e-01	8.791675e-02	-4.347246e-01	1.831354e+00	8.142662e-01	7.451520e-01	-9.186835e-01	-3.685214e+00	7.597213e-01	-1.502676e+00	-5.675627e+00	7.451520e-01
25400	1.971024e+00	1.235025e+00	5.771943e-01	3.464986e-01	4.676707e-01	7.128919e-02	-4.598592e-01	1.798914e+00	7.617967e-01	7.053317e-01	-9.958926e-01	-3.821872e+00	7.145622e-01	-1.602543e+00	-5.868991e+00	7.053317e-01
25500	1.970215e+00	1.224577e+00	5.529854e-01	3.224965e-01	4.566883e-01	5.445859e-02	-4.853432e-01	1.765908e+00	7.082700e-01	6.647792e-01	-1.074446e+00	-3.960770e+00	6.684967e-01	-1.704240e+00	-6.065705e+00	6.647792e-01
25600	1.969532e+00	1.213984e+00	5.283063e-01	2.980499e-01	4.455875e-01	3.741927e-02	-5.112160e-01	1.732326e+00	6.536733e-01	6.234858e-01	-1.154357e+00	-4.101889e+00	6.215137e-01	-1.807788e+00	-6.265640e+00	6.234858e-01
25700	1.968974e+00	1.203244e+00	5.031510e-01	2.731538e-01	4.343666e-01	2.016888e-02	-5.373940e-01	1.698161e+00	5.979938e-01	5.814428e-01	-1.235639e+00	-4.245208e+00	5.736021e-01	-1.913202e+00	-6.468708e+00	5.814428e-01
25800	1.968541e+00	1.192354e+00	4.775136e-01	2.478027e-01	4.230242e-01	2.707186e-03	-5.638758e-01	1.663405e+00	5.412186e-01	5.386415e-01	-1.318303e+00	-4.390780e+00	5.247509e-01	-2.020497e+00	-6.675094e+00	5.386415e-01
25900	1.968233e+00	1.181311e+00	4.513882e-01	2.219916e-01	4.115587e-01	-1.496805e-02	-5.906936e-01	1.628051e+00	4.833348e-01	4.950733e-01	-1.402363e+00	-4.538708e+00	4.749491e-01	-2.129695e+00	-6.884779e+00	4.950733e-01
26000	1.968051e+00	1.170113e+00	4.247687e-01	1.957152e-01	3.999687e-01	-3.285887e-02	-6.178806e-01	1.592090e+00	4.243297e-01	4.507294e-01	-1.487835e+00	-4.688856e+00	4.241855e-01	-2.240809e+00	-7.097669e+00	4.507294e-01
26100	1.967995e+00	1.158757e+00	3.976493e-01	1.689681e-01	3.882526e-01	-5.096939e-02	-6.454440e-01	1.555515e+00	3.641904e-01	4.056011e-01	-1.574726e+00	-4.841269e+00	3.724493e-01	-2.353858e+00	-7.314014e+00	4.056011e-01
26200	1.968064e+00	1.147239e+00	3.700241e-01	1.417453e-01	3.764089e-01	-6.930176e-02	-6.732954e-01	1.518318e+00	3.029041e-01	3.596799e-01	-1.663052e+00	-4.996135e+00	3.197293e-01	-2.468862e+00	-7.533737e+00	3.596799e-01
26300	1.968259e+00	1.135558e+00	3.418870e-01	1.140414e-01	3.644360e-01	-8.785449e-02	-7.014605e-01	1.480491e+00	2.404579e-01	3.129569e-01	-1.752829e+00	-5.153316e+00	2.660145e-01	-2.585837e+00	-7.756800e+00	3.129569e-01
26400	1.968580e+00	1.123709e+00	3.132321e-01	8.585127e-02	3.523326e-01	-1.066314e-01	-7.300381e-01	1.442027e+00	1.768391e-01	2.654235e-01	-1.844066e+00	-5.312780e+00	2.112939e-01	-2.704800e+00	-7.983416e+00	2.654235e-01
26500	1.969026e+00	1.111692e+00	2.840535e-01	5.716961e-02	3.400970e-01	-1.256367e-01	-7.590049e-01	1.402917e+00	1.120347e-01	2.170710e-01	-1.936776e+00	-5.474668e+00	1.555564e-01	-2.825774e+00	-8.213453e+00	2.170710e-01
26600	1.969598e+00	1.099502e+00	2.543452e-01	2.799119e-02	3.277278e-01	-1.448725e-01	-7.883016e-01	1.363154e+00	4.603200e-02	1.678908e-01	-2.030974e+00	-5.639052e+00	9.879088e-02	-2.948770e+00	2.128362e+00	1.678908e-01
26700	1.970296e+00	1.087138e+00	2.241014e-01	0.000000e+00	3.152233e-01	-1.643392e-01	-8.178949e-01	1.322729e+00	0.000000e+00	1.178741e-01	-2.126675e+00	-5.805824e+00	4.098643e-02	-2.596730e+00	3.857320e+01	1.178741e-01
26800	1.971121e+00	1.074595e+00	1.933160e-01	0.000000e+00	3.025822e-01	-1.840369e-01	-8.479112e-01	1.281636e+00	0.000000e+00	6.701219e-02	-2.223888e+00	1.002336e+01	0.000000e+00	-1.098436e+00	5.689520e+01	6.701219e-02
26900	1.972071e+00	1.061872e+00	1.619832e-01	0.000000e+00	2.898029e-01	-2.039735e-01	-8.783330e-01	1.239866e+00	0.000000e+00	1.529648e-02	-1.486893e+00	3.463053e+01	0.000000e+00	0.000000e+00	2.462328e+01	1.529648e-02
27000	1.973147e+00	1.048966e+00	1.300969e-01	0.000000e+00	2.768838e-01	-2.241475e-01	-9.090596e-01	1.197411e+00	0.000000e+00	0.000000e+00	-3.441708e-01	2.833163e+01	0.000000e+00	0.000000e+00	0.000000e+00	0.000000e+00
27100	1.974349e+00	1.035873e+00	9.765124e-02	0.000000e+00	2.638235e-01	-2.445609e-01	-9.401579e-01	1.154265e+00	0.000000e+00	0.000000e+00	0.000000e+00	6.662163e+00	0.000000e+00	0.000000e+00	0.000000e+00	0.000000e+00
27200	1.975678e+00	1.022592e+00	6.464029e-02	0.000000e+00	2.506204e-01	-2.652159e-01	-9.716308e-01	1.110418e+00	0.000000e+00	0.000000e+00	0.000000e+00	0.000000e+00	0.000000e+00	0.000000e+00	0.000000e+00	0.000000e+00
27300	1.977132e+00	1.009119e+00	3.105810e-02	0.000000e+00	2.372731e-01	-2.861147e-01	-1.003515e+00	1.065863e+00	0.000000e+00	0.000000e+00	0.000000e+00	0.000000e+00	0.000000e+00	0.000000e+00	0.000000e+00	0.000000e+00
27400	1.978713e+00	9.954518e-01	0.000000e+00	0.000000e+00	2.237800e-01	-3.072614e-01	-1.035817e+00	1.020592e+00	0.000000e+00	0.000000e+00	0.000000e+00	0.000000e+00	0.000000e+00	0.000000e+00	0.000000e+00	0.000000e+00
27500	1.980421e+00	9.815871e-01	0.000000e+00	0.000000e+00	2.101396e-01	-3.286581e-01	-1.068473e+00	9.745975e-01	0.000000e+00	0.000000e+00	0.000000e+00	0.000000e+00	0.000000e+00	0.000000e+00	0.000000e+00	0.000000e+00
27600	1.982255e+00	9.675225e-01	0.000000e+00	0.000000e+00	1.963503e-01	-3.503052e-01	-1.101449e+00	9.278717e-01	0.000000e+00	0.000000e+00	0.000000e+00	0.000000e+00	0.000000e+00	0.000000e+00	0.000000e+00	0.000000e+00
27700	1.984215e+00	9.532551e-01	0.000000e+00	0.000000e+00	1.824107e-01	-3.722027e-01	-1.134844e+00	8.804068e-01	0.000000e+00	0.000000e+00	0.000000e+00	0.000000e+00	0.000000e+00	0.000000e+00	0.000000e+00	0.000000e+00
27800	1.986302e+00	9.387821e-01	0.000000e+00	0.000000e+00	1.683193e-01	-3.943567e-01	-1.168705e+00	8.321948e-01	0.000000e+00	0.000000e+00	0.000000e+00	0.000000e+00	0.000000e+00	0.000000e+00	0.000000e+00	0.000000e+00
27900	1.988515e+00	9.241008e-01	0.000000e+00	0.000000e+00	1.540745e-01	-4.167695e-01	-1.202966e+00	7.832279e-01	0.000000e+00	0.000000e+00	0.000000e+00	0.000000e+00	0.000000e+00	0.000000e+00	0.000000e+00	0.000000e+00
28000	1.990855e+00	9.092083e-01	0.000000e+00	0.000000e+00	1.396748e-01	-4.394432e-01	-1.237560e+00	7.334985e-01	0.000000e+00	0.000000e+00	0.000000e+00	0.000000e+00	0.000000e+00	0.000000e+00	0.000000e+00	0.000000e+00
28100	1.993322e+00	8.941020e-01	0.000000e+00	0.000000e+00	1.251186e-01	-4.623761e-01	-1.272492e+00	6.829986e-01	0.000000e+00	0.000000e+00	0.000000e+00	0.000000e+00	0.000000e+00	0.000000e+00	0.000000e+00	0.000000e+00
28200	1.995916e+00	8.787789e-01	0.000000e+00	0.000000e+00	1.104046e-01	-4.855708e-01	-1.307924e+00	6.317204e-01	0.000000e+00	0.000000e+00	0.000000e+00	0.000000e+00	0.000000e+00	0.000000e+00	0.000000e+00	0.000000e+00
28300	1.998636e+00	8.632364e-01	0.000000e+00	0.000000e+00	9.553117e-02	-5.090345e-01	-1.343806e+00	5.796561e-01	0.000000e+00	0.000000e+00	0.000000e+00	0.000000e+00	0.000000e+00	0.000000e+00	0.000000e+00	0.000000e+00
28400	2.001483e+00	8.474716e-01	0.000000e+00	0.000000e+00	8.049676e-02	-5.327663e-01	-1.380040e+00	5.267979e-01	0.000000e+00	0.000000e+00	0.000000e+00	0.000000e+00	0.000000e+00	0.000000e+00	0.000000e+00	0.000000e+00
28500	2.004457e+00	8.314818e-01	0.000000e+00	0.000000e+00	6.529989e-02	-5.567682e-01	-1.416688e+00	4.731381e-01	0.000000e+00	0.000000e+00	0.000000e+00	0.000000e+00	0.000000e+00	0.000000e+00	0.000000e+00	0.000000e+00
28600	2.007559e+00	8.152642e-01	0.000000e+00	0.000000e+00	4.993903e-02	-5.810425e-01	-1.453761e+00	4.186687e-01	0.000000e+00	0.000000e+00	0.000000e+00	0.000000e+00	0.000000e+00	0.000000e+00	0.000000e+00	0.000000e+00
28700	2.010787e+00	7.988160e-01	0.000000e+00	0.000000e+00	3.441268e-02	-6.055916e-01	-1.491259e+00	3.633820e-01	0.000000e+00	0.000000e+00	0.000000e+00	0.000000e+00	0.000000e+00	0.000000e+00	0.000000e+00	0.000000e+00
28800	2.014142e+00	7.821344e-01	0.000000e+00	0.000000e+00	1.871931e-02	-6.304178e-01	3.366103e+00	3.072702e-01	0.000000e+00	0.000000e+00	0.000000e+00	0.000000e+00	0.000000e+00	0.000000e+00	0.000000e+00	0.000000e+00
28900	2.017625e+00	7.652167e-01	0.000000e+00	0.000000e+00	2.857406e-03	-3.835626e-01	9.934255e+00	2.503254e-01	0.000000e+00	0.000000e+00	0.000000e+00	0.000000e+00	0.000000e+00	0.000000e+00	0.000000e+00	0.000000e+00
29000	2.021235e+00	7.480600e-01	0.000000e+00	0.000000e+00	0.000000e+00	-5.918912e-02	6.892884e+00	1.925399e-01	0.000000e+00	0.000000e+00	0.000000e+00	0.000000e+00	0.000000e+00	0.000000e+00	0.000000e+00	0.000000e+00
29100	2.024972e+00	7.306616e-01	0.000000e+00	0.000000e+00	0.000000e+00	0.000000e+00	1.076502e+00	1.339058e-01	0.000000e+00	0.000000e+00	0.000000e+00	0.000000e+00	0.000000e+00	0.000000e+00	0.000000e+00	0.000000e+00
29200	2.028836e+00	7.130188e-01	0.000000e+00	0.000000e+00	0.000000e+00	0.000000e+00	0.000000e+00	7.441528e-02	0.000000e+00	0.000000e+00	0.000000e+00	0.000000e+00	0.000000e+00	0.000000e+00	0.000000e+00	0.000000e+00
29300	2.032828e+00	6.951286e-01	0.000000e+00	0.000000e+00	0.000000e+00	0.000000e+00	0.000000e+00	1.406060e-02	0.000000e+00	0.000000e+00	0.000000e+00	0.000000e+00	0.000000e+00	0.000000e+00	0.000000e+00	0.000000e+00
29400	2.036947e+00	6.769884e-01	0.000000e+00	0.000000e+00	0.000000e+00	0.000000e+00	0.000000e+00	0.000000e+00	0.000000e+00	0.000000e+00	0.000000e+00	0.000000e+00	0.000000e+00	0.000000e+00	0.000000e+00	0.000000e+00
29500	2.041194e+00	6.585954e-01	0.000000e+00	0.000000e+00	0.000000e+00	0.000000e+00	0.000000e+00	0.000000e+00	0.000000e+00	0.000000e+00	0.000000e+00	0.000000e+00	0.000000e+00	0.000000e+00	0.000000e+00	0.000000e+00
29600	2.045568e+00	6.399467e-01	0.000000e+00	0.000000e+00	0.000000e+00	0.000000e+00	0.000000e+00	0.000000e+00	0.000000e+00	0.000000e+00	0.000000e+00	0.000000e+00	0.000000e+00	0.000000e+00	0.000000e+00	0.000000e+00
29700	2.050070e+00	6.210396e-01	0.000000e+00	0.000000e+00	0.000000e+00	0.000000e+00	0.000000e+00	0.000000e+00	0.000000e+00	0.000000e+00	0.000000e+00	0.000000e+00	0.000000e+00	0.000000e+00	0.000000e+00	0.000000e+00
29800	2.054700e+00	6.018714e-01	0.000000e+00	0.000000e+00	0.000000e+00	0.000000e+00	0.000000e+00	0.000000e+00	0.000000e+00	0.000000e+00	0.000000e+00	0.000000e+00	0.000000e+00	0.000000e+00	0.000000e+00	0.000000e+00
29900	2.059457e+00	5.824392e-01	0.000000e+00	0.000000e+00	0.000000e+00	0.000000e+00	0.000000e+00	0.000000e+00	0.000000e+00	0.000000e+00	0.000000e+00	0.000000e+00	0.000000e+00	0.000000e+00	0.000000e+00	0.000000e+00
30000	2.064342e+00	5.627402e-01	0.000000e+00	0.000000e+00	0.000000e+00	0.000000e+00	0.000000e+00	0.000000e+00	0.000000e+00	0.000000e+00	0.000000e+00	0.000000e+00	0.000000e+00	0.000000e+00	0.000000e+00	0.000000e+00
30100	2.069355e+00	5.427718e-01	0.000000e+00	0.000000e+00	0.000000e+00	0.000000e+00	0.000000e+00	0.000000e+00	0.000000e+00	0.000000e+00	0.000000e+00	0.000000e+00	0.000000e+00	0.000000e+00	0.000000e+00	0.000000e+00
30200	2.074496e+00	5.225310e-01	0.000000e+00	0.000000e+00	0.000000e+00	0.000000e+00	0.000000e+00	0.000000e+00	0.000000e+00	0.000000e+00	0.000000e+00	0.000000e+00	0.000000e+00	0.000000e+00	0.000000e+00	0.000000e+00
30300	2.079765e+00	5.020152e-01	0.000000e+00	0.000000e+00	0.000000e+00	0.000000e+00	0.000000e+00	0.000000e+00	0.000000e+00	0.000000e+00	0.000000e+00	0.000000e+00	0.000000e+00	0.000000e+00	0.000000e+00	0.000000e+00
30400	2.085162e+00	4.812214e-01	0.000000e+00	0.000000e+00	0.000000e+00	0.000000e+00	0.000000e+00	0.000000e+00	0.000000e+00	0.000000e+00	0.000000e+00	0.000000e+00	0.000000e+00	0.000000e+00	0.000000e+00	0.000000e+00
30500	2.090688e+00	4.601471e-01	0.000000e+00	0.000000e+00	0.000000e+00	0.000000e+00	0.000000e+00	0.000000e+00	0.000000e+00	0.000000e+00	0.000000e+00	0.000000e+00	0.000000e+00	0.000000e+00	0.000000e+00	0.000000e+00
30600	2.096341e+00	4.387893e-01	0.000000e+00	0.000000e+00	0.000000e+00	0.000000e+00	0.000000e+00	0.000000e+00	0.000000e+00	0.000000e+00	0.000000e+00	0.000000e+00	0.000000e+00	0.000000e+00	0.000000e+00	0.000000e+00
30700	2.102122e+00	4.171453e-01	0.000000e+00	0.000000e+00	0.000000e+00	0.000000e+00	0.000000e+00	0.000000e+00	0.000000e+00	0.000000e+00	0.000000e+00	0.000000e+00	0.000000e+00	0.000000e+00	0.000000e+00	0.000000e+00
30800	2.108032e+00	3.952123e-01	0.000000e+00	0.000000e+00	0.000000e+00	0.000000e+00	0.000000e+00	0.000000e+00	0.000000e+00	0.000000e+00	0.000000e+00	0.000000e+00	0.000000e+00	0.000000e+00	0.000000e+00	0.000000e+00
30900	2.114070e+00	3.729876e-01	0.000000e+00	0.000000e+00	0.000000e+00	0.000000e+00	0.000000e+00	0.000000e+00	0.000000e+00	0.000000e+00	0.000000e+00	0.000000e+00	0.000000e+00	0.000000e+00	0.000000e+00	0.000000e+00
31000	2.120237e+00	3.504683e-01	0.000000e+00	0.000000e+00	0.000000e+00	0.000000e+00	0.000000e+00	0.000000e+00	0.000000e+00	0.000000e+00	0.000000e+00	0.000000e+00	0.000000e+00	0.000000e+00	0.000000e+00	0.000000e+00
31100	2.126531e+00	3.276517e-01	0.000000e+00	0.000000e+00	0.000000e+00	0.000000e+00	0.000000e+00	0.000000e+00	0.000000e+00	0.000000e+00	0.000000e+00	0.000000e+00	0.000000e+00	0.000000e+00	0.000000e+00	0.000000e+00
31200	2.132955e+00	3.045349e-01	0.000000e+00	0.000000e+00	0.000000e+00	0.000000e+00	0.000000e+00	0.000000e+00	0.000000e+00	0.000000e+00	0.000000e+00	0.000000e+00	0.000000e+00	0.000000e+00	0.000000e+00	0.000000e+00
31300	2.139507e+00	2.811153e-01	0.000000e+00	0.000000e+00	0.000000e+00	0.000000e+00	0.000000e+00	0.000000e+00	0.000000e+00	0.000000e+00	0.000000e+00	0.000000e+00	0.000000e+00	0.000000e+00	0.000000e+00	0.000000e+00
31400	2.146187e+00	2.573900e-01	0.000000e+00	0.000000e+00	0.000000e+00	0.000000e+00	0.000000e+00	0.000000e+00	0.000000e+00	0.000000e+00	0.000000e+00	0.000000e+00	0.000000e+00	0.000000e+00	0.000000e+00	0.000000e+00
31500	2.152997e+00	2.333563e-01	0.000000e+00	0.000000e+00	0.000000e+00	0.000000e+00	0.000000e+00	0.000000e+00	0.000000e+00	0.000000e+00	0.000000e+00	0.000000e+00	0.000000e+00	0.000000e+00	0.000000e+00	0.000000e+00
31600	2.159935e+00	2.090113e-01	0.000000e+00	0.000000e+00	0.000000e+00	0.000000e+00	0.000000e+00	0.000000e+00	0.000000e+00	0.000000e+00	0.000000e+00	0.000000e+00	0.000000e+00	0.000000e+00	0.000000e+00	0.000000e+00
31700	2.167001e+00	1.843523e-01	0.000000e+00	0.000000e+00	0.000000e+00	0.000000e+00	0.000000e+00	0.000000e+00	0.000000e+00	0.000000e+00	0.000000e+00	0.000000e+00	0.000000e+00	0.000000e+00	0.000000e+00	0.000000e+00
31800	2.174197e+00	1.593765e-01	0.000000e+00	0.000000e+00	0.000000e+00	0.000000e+00	0.000000e+00	0.000000e+00	0.000000e+00	0.000000e+00	0.000000e+00	0.000000e+00	0.000000e+00	0.000000e+00	0.000000e+00	0.000000e+00
31900	2.181521e+00	1.340812e-01	0.000000e+00	0.000000e+00	0.000000e+00	0.000000e+00	0.000000e+00	0.000000e+00	0.000000e+00	0.000000e+00	0.000000e+00	0.000000e+00	0.000000e+00	0.000000e+00	0.000000e+00	0.000000e+00
32000	2.188975e+00	1.084635e-01	0.000000e+00	0.000000e+00	0.000000e+00	0.000000e+00	0.000000e+00	0.000000e+00	0.000000e+00	0.000000e+00	0.000000e+00	0.000000e+00	0.000000e+00	0.000000e+00	0.000000e+00	0.000000e+00
32100	2.196557e+00	8.252064e-02	0.000000e+00	0.000000e+00	0.000000e+00	0.000000e+00	0.000000e+00	0.000000e+00	0.000000e+00	0.000000e+00	0.000000e+00	0.000000e+00	0.000000e+00	0.000000e+00	0.000000e+00	0.000000e+00
32200	2.204269e+00	5.624989e-02	0.000000e+00	0.000000e+00	0.000000e+00	0.000000e+00	0.000000e+00	0.000000e+00	0.000000e+00	0.000000e+00	0.000000e+00	0.000000e+00	0.000000e+00	0.000000e+00	0.000000e+00	0.000000e+00
32300	2.212110e+00	2.964843e-02	0.000000e+00	0.000000e+00	0.000000e+00	0.000000e+00	0.000000e+00	0.000000e+00	0.000000e+00	0.000000e+00	0.000000e+00	0.000000e+00	0.000000e+00	0.000000e+00	0.000000e+00	0.000000e+00
32400	2.220079e+00	2.713499e-03	0.000000e+00	0.000000e+00	0.000000e+00	0.000000e+00	0.000000e+00	0.000000e+00	0.000000e+00	0.000000e+00	0.000000e+00	0.000000e+00	0.000000e+00	0.000000e+00	0.000000e+00	0.000000e+00
32500	2.228179e+00	0.000000e+00	0.000000e+00	0.000000e+00	0.000000e+00	0.000000e+00	0.000000e+00	0.000000e+00	0.000000e+00	0.000000e+00	0.000000e+00	0.000000e+00	0.000000e+00	0.000000e+00	0.000000e+00	0.000000e+00
32600	2.236407e+00	0.000000e+00	0.000000e+00	0.000000e+00	0.000000e+00	0.000000e+00	0.000000e+00	0.000000e+00	0.000000e+00	0.000000e+00	0.000000e+00	0.000000e+00	0.000000e+00	0.000000e+00	0.000000e+00	0.000000e+00
32700	2.244765e+00	0.000000e+00	0.000000e+00	0.000000e+00	0.000000e+00	0.000000e+00	0.000000e+00	0.000000e+00	0.000000e+00	0.000000e+00	0.000000e+00	0.000000e+00	0.000000e+00	0.000000e+00	0.000000e+00	0.000000e+00
32800	2.253252e+00	0.000000e+00	0.000000e+00	0.000000e+00	0.000000e+00	0.000000e+00	0.000000e+00	0.000000e+00	0.000000e+00	0.000000e+00	0.000000e+00	0.000000e+00	0.000000e+00	0.000000e+00	0.000000e+00	0.000000e+00
32900	2.261869e+00	0.000000e+00	0.000000e+00	0.000000e+00	0.000000e+00	0.000000e+00	0.000000e+00	0.000000e+00	0.000000e+00	0.000000e+00	0.000000e+00	0.000000e+00	0.000000e+00	0.000000e+00	0.000000e+00	0.000000e+00
33000	2.270615e+00	0.000000e+00	0.000000e+00	0.000000e+00	0.000000e+00	0.000000e+00	0.000000e+00	0.000000e+00	0.000000e+00	0.000000e+00	0.000000e+00	0.000000e+00	0.000000e+00	0.000000e+00	0.000000e+00	0.000000e+00
33100	2.279491e+00	0.000000e+00	0.000000e+00	0.000000e+00	0.000000e+00	0.000000e+00	0.000000e+00	0.000000e+00	0.000000e+00	0.000000e+00	0.000000e+00	0.000000e+00	0.000000e+00	0.000000e+00	0.000000e+00	0.000000e+00
33200	2.288496e+00	0.000000e+00	0.000000e+00	0.000000e+00	0.000000e+00	0.000000e+00	0.000000e+00	0.000000e+00	0.000000e+00	0.000000e+00	0.000000e+00	0.000000e+00	0.000000e+00	0.000000e+00	0.000000e+00	0.000000e+00
33300	2.297632e+00	0.000000e+00	0.000000e+00	0.000000e+00	0.000000e+00	0.000000e+00	0.000000e+00	0.000000e+00	0.000000e+00	0.000000e+00	0.000000e+00	0.000000e+00	0.000000e+00	0.000000e+00	0.000000e+00	0.000000e+00
33400	2.306897e+00	0.000000e+00	0.000000e+00	0.000000e+00	0.000000e+00	0.000000e+00	0.000000e+00	0.000000e+00	0.000000e+00	0.000000e+00	0.000000e+00	0.000000e+00	0.000000e+00	0.000000e+00	0.000000e+00	0.000000e+00
33500	2.316291e+00	0.000000e+00	0.000000e+00	0.000000e+00	0.000000e+00	0.000000e+00	0.000000e+00	0.000000e+00	0.000000e+00	0.000000e+00	0.000000e+00	0.000000e+00	0.000000e+00	0.000000e+00	0.000000e+00	0.000000e+00
33600	2.325816e+00	0.000000e+00	0.000000e+00	0.000000e+00	0.000000e+00	0.000000e+00	0.000000e+00	0.000000e+00	0.000000e+00	0.000000e+00	0.000000e+00	0.000000e+00	0.000000e+00	0.000000e+00	0.000000e+00	0.000000e+00
33700	2.335471e+00	0.000000e+00	0.000000e+00	0.000000e+00	0.000000e+00	0.000000e+00	0.000000e+00	0.000000e+00	0.000000e+00	0.000000e+00	0.000000e+00	0.000000e+00	0.000000e+00	0.000000e+00	0.000000e+00	0.000000e+00
33800	2.345255e+00	0.000000e+00	0.000000e+00	0.000000e+00	0.000000e+00	0.000000e+00	0.000000e+00	0.000000e+00	0.000000e+00	0.000000e+00	0.000000e+00	0.000000e+00	0.000000e+00	0.000000e+00	0.000000e+00	0.000000e+00
33900	2.355170e+00	0.000000e+00	0.000000e+00	0.000000e+00	0.000000e+00	0.000000e+00	0.000000e+00	0.000000e+00	0.000000e+00	0.000000e+00	0.000000e+00	0.000000e+00	0.000000e+00	0.000000e+00	0.000000e+00	0.000000e+00
34000	2.365215e+00	0.000000e+00	0.000000e+00	0.000000e+00	0.000000e+00	0.000000e+00	0.000000e+00	0.000000e+00	0.000000e+00	0.000000e+00	0.000000e+00	0.000000e+00	0.000000e+00	0.000000e+00	0.000000e+00	0.000000e+00
34100	2.375390e+00	0.000000e+00	0.000000e+00	0.000000e+00	0.000000e+00	0.000000e+00	0.000000e+00	0.000000e+00	0.000000e+00	0.000000e+00	0.000000e+00	0.000000e+00	0.000000e+00	0.000000e+00	0.000000e+00	0.000000e+00
34200	2.385695e+00	0.000000e+00	0.000000e+00	0.000000e+00	0.000000e+00	0.000000e+00	0.000000e+00	0.000000e+00	0.000000e+00	0.000000e+00	0.000000e+00	0.000000e+00	0.000000e+00	0.000000e+00	0.000000e+00	0.000000e+00
34300	2.396131e+00	0.000000e+00	0.000000e+00	0.000000e+00	0.000000e+00	0.000000e+00	0.000000e+00	0.000000e+00	0.000000e+00	0.000000e+00	0.000000e+00	0.000000e+00	0.000000e+00	0.000000e+00	0.000000e+00	0.000000e+00
34400	2.406697e+00	0.000000e+00	0.000000e+00	0.000000e+00	0.000000e+00	0.000000e+00	0.000000e+00	0.000000e+00	0.000000e+00	0.000000e+00	0.000000e+00	0.000000e+00	0.000000e+00	0.000000e+00	0.000000e+00	0.000000e+00
34500	2.417393e+00	0.000000e+00	0.000000e+00	0.000000e+00	0.000000e+00	0.000000e+00	0.000000e+00	0.000000e+00	0.000000e+00	0.000000e+00	0.000000e+00	0.000000e+00	0.000000e+00	0.000000e+00	0.000000e+00	0.000000e+00
34600	2.428220e+00	0.000000e+00	0.000000e+00	0.000000e+00	0.000000e+00	0.000000e+00	0.000000e+00	0.000000e+00	0.000000e+00	0.000000e+00	0.000000e+00	0.000000e+00	0.000000e+00	0.000000e+00	0.000000e+00	0.000000e+00
34700	2.439177e+00	0.000000e+00	0.000000e+00	0.000000e+00	0.000000e+00	0.000000e+00	0.000000e+00	0.000000e+00	0.000000e+00	0.000000e+00	0.000000e+00	0.000000e+00	0.000000e+00	0.000000e+00	0.000000e+00	0.000000e+00
34800	2.450265e+00	0.000000e+00	0.000000e+00	0.000000e+00	0.000000e+00	0.000000e+00	0.000000e+00	0.000000e+00	0.000000e+00	0.000000e+00	0.000000e+00	0.000000e+00	0.000000e+00	0.000000e+00	0.000000e+00	0.000000e+00
34900	2.461483e+00	0.000000e+00	0.000000e+00	0.000000e+00	0.000000e+00	0.000000e+00	0.000000e+00	0.000000e+00	0.000000e+00	0.000000e+00	0.000000e+00	0.000000e+00	0.000000e+00	0.000000e+00	0.000000e+00	0.000000e+00
35000	2.472832e+00	0.000000e+00	0.000000e+00	0.000000e+00	0.000000e+00	0.000000e+00	0.000000e+00	0.000000e+00	0.000000e+00	0.000000e+00	0.000000e+00	0.000000e+00	0.000000e+00	0.000000e+00	0.000000e+00	0.000000e+00
35100	2.484312e+00	0.000000e+00	0.000000e+00	0.000000e+00	0.000000e+00	0.000000e+00	0.000000e+00	0.000000e+00	0.000000e+00	0.000000e+00	0.000000e+00	0.000000e+00	0.000000e+00	0.000000e+00	0.000000e+00	0.000000e+00
35200	2.495923e+00	0.000000e+00	0.000000e+00	0.000000e+00	0.000000e+00	0.000000e+00	0.000000e+00	0.000000e+00	0.000000e+00	0.000000e+00	0.000000e+00	0.000000e+00	0.000000e+00	0.000000e+00	0.000000e+00	0.000000e+00
35300	2.507665e+00	0.000000e+00	0.000000e+00	0.000000e+00	0.000000e+00	0.000000e+00	0.000000e+00	0.000000e+00	0.000000e+00	0.000000e+00	0.000000e+00	0.000000e+00	0.000000e+00	0.000000e+00	0.000000e+00	0.000000e+00
35400	2.519537e+00	0.000000e+00	0.000000e+00	0.000000e+00	0.000000e+00	0.000000e+00	0.000000e+00	0.000000e+00	0.000000e+00	0.000000e+00	0.000000e+00	0.000000e+00	0.000000e+00	0.000000e+00	0.000000e+00	0.000000e+00
35500	2.531541e+00	0.000000e+00	0.000000e+00	0.000000e+00	0.000000e+00	0.000000e+00	0.000000e+00	0.000000e+00	0.000000e+00	0.000000e+00	0.000000e+00	0.000000e+00	0.000000e+00	0.000000e+00	0.000000e+00	0.000000e+00
35600	2.543675e+00	0.000000e+00	0.000000e+00	0.000000e+00	0.000000e+00	0.000000e+00	0.000000e+00	0.000000e+00	0.000000e+00	0.000000e+00	0.000000e+00	0.000000e+00	0.000000e+00	0.000000e+00	0.000000e+00	0.000000e+00
35700	2.555941e+00	0.000000e+00	0.000000e+00	0.000000e+00	0.000000e+00	0.000000e+00	0.000000e+00	0.000000e+00	0.000000e+00	0.000000e+00	0.000000e+00	0.000000e+00	0.000000e+00	0.000000e+00	0.000000e+00	0.000000e+00
35800	2.568338e+00	0.000000e+00	0.000000e+00	0.000000e+00	0.000000e+00	0.000000e+00	0.000000e+00	0.000000e+00	0.000000e+00	0.000000e+00	0.000000e+00	0.000000e+00	0.000000e+00	0.000000e+00	0.000000e+00	0.000000e+00
35900	2.580866e+00	0.000000e+00	0.000000e+00	0.000000e+00	0.000000e+00	0.000000e+00	0.000000e+00	0.000000e+00	0.000000e+00	0.000000e+00	0.000000e+00	0.000000e+00	0.000000e+00	0.000000e+00	0.000000e+00	0.000000e+00
36000	2.593525e+00	0.000000e+00	0.000000e+00	0.000000e+00	0.000000e+00	0.000000e+00	0.000000e+00	0.000000e+00	0.000000e+00	0.000000e+00	0.000000e+00	0.000000e+00	0.000000e+00	0.000000e+00	0.000000e+00	0.000000e+00
36100	2.606316e+00	0.000000e+00	0.000000e+00	0.000000e+00	0.000000e+00	0.000000e+00	0.000000e+00	0.000000e+00	0.000000e+00	0.000000e+00	0.000000e+00	0.000000e+00	0.000000e+00	0.000000e+00	0.000000e+00	0.000000e+00
36200	2.619238e+00	0.000000e+00	0.000000e+00	0.000000e+00	0.000000e+00	0.000000e+00	0.000000e+00	0.000000e+00	0.000000e+00	0.000000e+00	0.000000e+00	0.000000e+00	0.000000e+00	0.000000e+00	0.000000e+00	0.000000e+00
36300	2.632291e+00	0.000000e+00	0.000000e+00	0.000000e+00	0.000000e+00	0.000000e+00	0.000000e+00	0.000000e+00	0.000000e+00	0.000000e+00	0.000000e+00	0.000000e+00	0.000000e+00	0.000000e+00	0.000000e+00	0.000000e+00
36400	2.645476e+00	0.000000e+00	0.000000e+00	0.000000e+00	0.000000e+00	0.000000e+00	0.000000e+00	0.000000e+00	0.000000e+00	0.000000e+00	0.000000e+00	0.000000e+00	0.000000e+00	0.000000e+00	0.000000e+00	0.000000e+00
36500	2.658793e+00	0.000000e+00	0.000000e+00	0.000000e+00	0.000000e+00	0.000000e+00	0.000000e+00	0.000000e+00	0.000000e+00	0.000000e+00	0.000000e+00	0.000000e+00	0.000000e+00	0.000000e+00	0.000000e+00	0.000000e+00
36600	2.672241e+00	0.000000e+00	0.000000e+00	0.000000e+00	0.000000e+00	0.000000e+00	0.000000e+00	0.000000e+00	0.000000e+00	0.000000e+00	0.000000e+00	0.000000e+00	0.000000e+00	0.000000e+00	0.000000e+00	0.000000e+00
36700	2.685821e+00	0.000000e+00	0.000000e+00	0.000000e+00	0.000000e+00	0.000000e+00	0.000000e+00	0.000000e+00	0.000000e+00	0.000000e+00	0.000000e+00	0.000000e+00	0.000000e+00	0.000000e+00	0.000000e+00	0.000000e+00
36800	2.699532e+00	0.000000e+00	0.000000e+00	0.000000e+00	0.000000e+00	0.000000e+00	0.000000e+00	0.000000e+00	0.000000e+00	0.000000e+00	0.000000e+00	0.000000e+00	0.000000e+00	0.000000e+00	0.000000e+00	0.000000e+00
36900	2.713376e+00	0.000000e+00	0.000000e+00	0.000000e+00	0.000000e+00	0.000000e+00	0.000000e+00	0.000000e+00	0.000000e+00	0.000000e+00	0.000000e+00	0.000000e+00	0.000000e+00	0.000000e+00	0.000000e+00	0.000000e+00
37000	2.727351e+00	0.000000e+00	0.000000e+00	0.000000e+00	0.000000e+00	0.000000e+00	0.000000e+00	0.000000e+00	0.000000e+00	0.000000e+00	0.000000e+00	0.000000e+00	0.000000e+00	0.000000e+00	0.000000e+00	0.000000e+00
37100	2.741458e+00	0.000000e+00	0.000000e+00	0.000000e+00	0.000000e+00	0.000000e+00	0.000000e+00	0.000000e+00	0.000000e+00	0.000000e+00	0.000000e+00	0.000000e+00	0.000000e+00	0.000000e+00	0.000000e+00	0.000000e+00
37200	2.755697e+00	0.000000e+00	0.000000e+00	0.000000e+00	0.000000e+00	0.000000e+00	0.000000e+00	0.000000e+00	0.000000e+00	0.000000e+00	0.000000e+00	0.000000e+00	0.000000e+00	0.000000e+00	0.000000e+00	0.000000e+00
37300	2.770068e+00	0.000000e+00	0.000000e+00	0.000000e+00	0.000000e+00	0.000000e+00	0.000000e+00	0.000000e+00	0.000000e+00	0.000000e+00	0.000000e+00	0.000000e+00	0.000000e+00	0.000000e+00	0.000000e+00	0.000000e+00
37400	2.784571e+00	0.000000e+00	0.000000e+00	0.000000e+00	0.000000e+00	0.000000e+00	0.000000e+00	0.000000e+00	0.000000e+00	0.000000e+00	0.000000e+00	0.000000e+00	0.000000e+00	0.000000e+00	0.000000e+00	0.000000e+00
37500	2.799207e+00	0.000000e+00	0.000000e+00	0.000000e+00	0.000000e+00	0.000000e+00	0.000000e+00	0.000000e+00	0.000000e+00	0.000000e+00	0.000000e+00	0.000000e+00	0.000000e+00	0.000000e+00	0.000000e+00	0.000000e+00
37600	2.813974e+00	0.000000e+00	0.000000e+00	0.000000e+00	0.000000e+00	0.000000e+00	0.000000e+00	0.000000e+00	0.000000e+00	0.000000e+00	0.000000e+00	0.000000e+00	0.000000e+00	0.000000e+00	0.000000e+00	0.000000e+00
37700	2.828874e+00	0.000000e+00	0.000000e+00	0.000000e+00	0.000000e+00	0.000000e+00	0.000000e+00	0.000000e+00	0.000000e+00	0.000000e+00	0.000000e+00	0.000000e+00	0.000000e+00	0.000000e+00	0.000000e+00	0.000000e+00
37800	2.843906e+00	0.000000e+00	0.000000e+00	0.000000e+00	0.000000e+00	0.000000e+00	0.000000e+00	0.000000e+00	0.000000e+00	0.000000e+00	0.000000e+00	0.000000e+00	0.000000e+00	0.000000e+00	0.000000e+00	0.000000e+00
37900	2.859071e+00	0.000000e+00	0.000000e+00	0.000000e+00	0.000000e+00	0.000000e+00	0.000000e+00	0.000000e+00	0.000000e+00	0.000000e+00	0.000000e+00	0.000000e+00	0.000000e+00	0.000000e+00	0.000000e+00	0.000000e+00
38000	2.874367e+00	0.000000e+00	0.000000e+00	0.000000e+00	0.000000e+00	0.000000e+00	0.000000e+00	0.000000e+00	0.000000e+00	0.000000e+00	0.000000e+00	0.000000e+00	0.000000e+00	0.000000e+00	0.000000e+00	0.000000e+00
38100	2.889797e+00	0.000000e+00	0.000000e+00	0.000000e+00	0.000000e+00	0.000000e+00	0.000000e+00	0.000000e+00	0.000000e+00	0.000000e+00	0.000000e+00	0.000000e+00	0.000000e+00	0.000000e+00	0.000000e+00	0.000000e+00
38200	2.905359e+00	0.000000e+00	0.000000e+00	0.000000e+00	0.000000e+00	0.000000e+00	0.000000e+00	0.000000e+00	0.000000e+00	0.000000e+00	0.000000e+00	0.000000e+00	0.000000e+00	0.000000e+00	0.000000e+00	0.000000e+00
38300	2.921053e+00	0.000000e+00	0.000000e+00	0.000000e+00	0.000000e+00	0.000000e+00	0.000000e+00	0.000000e+00	0.000000e+00	0.000000e+00	0.000000e+00	0.000000e+00	0.000000e+00	0.000000e+00	0.000000e+00	0.000000e+00
38400	2.936880e+00	0.000000e+00	0.000000e+00	0.000000e+00	0.000000e+00	0.000000e+00	0.000000e+00	0.000000e+00	0.000000e+00	0.000000e+00	0.000000e+00	0.000000e+00	0.000000e+00	0.000000e+00	0.000000e+00	0.000000e+00
38500	2.952840e+00	0.000000e+00	0.000000e+00	0.000000e+00	0.000000e+00	0.000000e+00	0.000000e+00	0.000000e+00	0.000000e+00	0.000000e+00	0.000000e+00	0.000000e+00	0.000000e+00	0.000000e+00	0.000000e+00	0.000000e+00
38600	2.968933e+00	0.000000e+00	0.000000e+00	0.000000e+00	0.000000e+00	0.000000e+00	0.000000e+00	0.000000e+00	0.000000e+00	0.000000e+00	0.000000e+00	0.000000e+00	0.000000e+00	0.000000e+00	0.000000e+00	0.000000e+00
38700	2.985159e+00	0.000000e+00	0.000000e+00	0.000000e+00	0.000000e+00	0.000000e+00	0.000000e+00	0.000000e+00	0.000000e+00	0.000000e+00	0.000000e+00	0.000000e+00	0.000000e+00	0.000000e+00	0.000000e+00	0.000000e+00
38800	3.001517e+00	0.000000e+00	0.000000e+00	0.000000e+00	0.000000e+00	0.000000e+00	0.000000e+00	0.000000e+00	0.000000e+00	0.000000e+00	0.000000e+00	0.000000e+00	0.000000e+00	0.000000e+00	0.000000e+00	0.000000e+00
38900	3.018008e+00	0.000000e+00	0.000000e+00	0.000000e+00	0.000000e+00	0.000000e+00	0.000000e+00	0.000000e+00	0.000000e+00	0.000000e+00	0.000000e+00	0.000000e+00	0.000000e+00	0.000000e+00	0.000000e+00	0.000000e+00
39000	3.034633e+00	0.000000e+00	0.000000e+00	0.000000e+00	0.000000e+00	0.000000e+00	0.000000e+00	0.000000e+00	0.000000e+00	0.000000e+00	0.000000e+00	0.000000e+00	0.000000e+00	0.000000e+00	0.000000e+00	0.000000e+00
39100	3.051390e+00	0.000000e+00	0.000000e+00	0.000000e+00	0.000000e+00	0.000000e+00	0.000000e+00	0.000000e+00	0.000000e+00	0.000000e+00	0.000000e+00	0.000000e+00	0.000000e+00	0.000000e+00	0.000000e+00	0.000000e+00
39200	3.068281e+00	0.000000e+00	0.000000e+00	0.000000e+00	0.000000e+00	0.000000e+00	0.000000e+00	0.000000e+00	0.000000e+00	0.000000e+00	0.000000e+00	0.000000e+00	0.000000e+00	0.000000e+00	0.000000e+00	0.000000e+00
39300	3.085304e+00	0.000000e+00	0.000000e+00	0.000000e+00	0.000000e+00	0.000000e+00	0.000000e+00	0.000000e+00	0.000000e+00	0.000000e+00	0.000000e+00	0.000000e+00	0.000000e+00	0.000000e+00	0.000000e+00	0.000000e+00
39400	3.102461e+00	0.000000e+00	0.000000e+00	0.000000e+00	0.000000e+00	0.000000e+00	0.000000e+00	0.000000e+00	0.000000e+00	0.000000e+00	0.000000e+00	0.000000e+00	0.000000e+00	0.000000e+00	0.000000e+00	0.000000e+00
39500	3.119752e+00	0.000000e+00	0.000000e+00	0.000000e+00	0.000000e+00	0.000000e+00	0.000000e+00	0.000000e+00	0.000000e+00	0.000000e+00	0.000000e+00	0.000000e+00	0.000000e+00	0.000000e+00	0.000000e+00	0.000000e+00
39600	3.137175e+00	0.000000e+00	0.000000e+00	0.000000e+00	0.000000e+00	0.000000e+00	0.000000e+00	0.000000e+00	0.000000e+00	0.000000e+00	0.000000e+00	0.000000e+00	0.000000e+00	0.000000e+00	0.000000e+00	0.000000e+00
39700	3.154732e+00	0.000000e+00	0.000000e+00	0.000000e+00	0.000000e+00	0.000000e+00	0.000000e+00	0.000000e+00	0.000000e+00	0.000000e+00	0.000000e+00	0.000000e+00	0.000000e+00	0.000000e+00	0.000000e+00	0.000000e+00
39800	3.172423e+00	0.000000e+00	0.000000e+00	0.000000e+00	0.000000e+00	0.000000e+00	0.000000e+00	0.000000e+00	0.000000e+00	0.000000e+00	0.000000e+00	0.000000e+00	0.000000e+00	0.000000e+00	0.000000e+00	0.000000e+00
39900	3.190247e+00	0.000000e+00	0.000000e+00	0.000000e+00	0.000000e+00	0.000000e+00	0.000000e+00	0.000000e+00	0.000000e+00	0.000000e+00	0.000000e+00	0.000000e+00	0.000000e+00	0.000000e+00	0.000000e+00	0.000000e+00
40000	3.208204e+00	0.000000e+00	0.000000e+00	0.000000e+00	0.000000e+00	0.000000e+00	0.000000e+00	0.000000e+00	0.000000e+00	0.000000e+00	0.000000e+00	0.000000e+00	0.000000e+00	0.000000e+00	0.000000e+00	0.000000e+00
40100	3.226296e+00	0.000000e+00	0.000000e+00	0.000000e+00	0.000000e+00	0.000000e+00	0.000000e+00	0.000000e+00	0.000000e+00	0.000000e+00	0.000000e+00	0.000000e+00	0.000000e+00	0.000000e+00	0.000000e+00	0.000000e+00
40200	3.244521e+00	0.000000e+00	0.000000e+00	0.000000e+00	0.000000e+00	0.000000e+00	0.000000e+00	0.000000e+00	0.000000e+00	0.000000e+00	0.000000e+00	0.000000e+00	0.000000e+00	0.000000e+00	0.000000e+00	0.000000e+00
40300	3.262879e+00	0.000000e+00	0.000000e+00	0.000000e+00	0.000000e+00	0.000000e+00	0.000000e+00	0.000000e+00	0.000000e+00	0.000000e+00	0.000000e+00	0.000000e+00	0.000000e+00	0.000000e+00	0.000000e+00	0.000000e+00
40400	3.281372e+00	0.000000e+00	0.000000e+00	0.000000e+00	0.000000e+00	0.000000e+00	0.000000e+00	0.000000e+00	0.000000e+00	0.000000e+00	0.000000e+00	0.000000e+00	0.000000e+00	0.000000e+00	0.000000e+00	0.000000e+00
40500	3.299998e+00	0.000000e+00	0.000000e+00	0.000000e+00	0.000000e+00	0.000000e+00	0.000000e+00	0.000000e+00	0.000000e+00	0.000000e+00	0.000000e+00	0.000000e+00	0.000000e+00	0.000000e+00	0.000000e+00	0.000000e+00
40600	3.318758e+00	0.000000e+00	0.000000e+00	0.000000e+00	0.000000e+00	0.000000e+00	0.000000e+00	0.000000e+00	0.000000e+00	0.000000e+00	0.000000e+00	0.000000e+00	0.000000e+00	0.000000e+00	0.000000e+00	0.000000e+00
40700	3.337653e+00	0.000000e+00	0.000000e+00	0.000000e+00	0.000000e+00	0.000000e+00	0.000000e+00	0.000000e+00	0.000000e+00	0.000000e+00	0.000000e+00	0.000000e+00	0.000000e+00	0.000000e+00	0.000000e+00	0.000000e+00
40800	3.356681e+00	0.000000e+00	0.000000e+00	0.000000e+00	0.000000e+00	0.000000e+00	0.000000e+00	0.000000e+00	0.000000e+00	0.000000e+00	0.000000e+00	0.000000e+00	0.000000e+00	0.000000e+00	0.000000e+00	0.000000e+00
40900	3.375844e+00	0.000000e+00	0.000000e+00	0.000000e+00	0.000000e+00	0.000000e+00	0.000000e+00	0.000000e+00	0.000000e+00	0.000000e+00	0.000000e+00	0.000000e+00	0.000000e+00	0.000000e+00	0.000000e+00	0.000000e+00
41000	3.395140e+00	0.000000e+00	0.000000e+00	0.000000e+00	0.000000e+00	0.000000e+00	0.000000e+00	0.000000e+00	0.000000e+00	0.000000e+00	0.000000e+00	0.000000e+00	0.000000e+00	0.000000e+00	0.000000e+00	0.000000e+00
41100	3.414571e+00	0.000000e+00	0.000000e+00	0.000000e+00	0.000000e+00	0.000000e+00	0.000000e+00	0.000000e+00	0.000000e+00	0.000000e+00	0.000000e+00	0.000000e+00	0.000000e+00	0.000000e+00	0.000000e+00	0.000000e+00
41200	3.434136e+00	0.000000e+00	0.000000e+00	0.000000e+00	0.000000e+00	0.000000e+00	0.000000e+00	0.000000e+00	0.000000e+00	0.000000e+00	0.000000e+00	0.000000e+00	0.000000e+00	0.000000e+00	0.000000e+00	0.000000e+00
41300	3.453836e+00	0.000000e+00	0.000000e+00	0.000000e+00	0.000000e+00	0.000000e+00	0.000000e+00	0.000000e+00	0.000000e+00	0.000000e+00	0.000000e+00	0.000000e+00	0.000000e+00	0.000000e+00	0.000000e+00	0.000000e+00
41400	3.473670e+00	0.000000e+00	0.000000e+00	0.000000e+00	0.000000e+00	0.000000e+00	0.000000e+00	0.000000e+00	0.000000e+00	0.000000e+00	0.000000e+00	0.000000e+00	0.000000e+00	0.000000e+00	0.000000e+00	0.000000e+00
41500	3.493638e+00	0.000000e+00	0.000000e+00	0.000000e+00	0.000000e+00	0.000000e+00	0.000000e+00	0.000000e+00	0.000000e+00	0.000000e+00	0.000000e+00	0.000000e+00	0.000000e+00	0.000000e+00	0.000000e+00	0.000000e+00
41600	3.513741e+00	0.000000e+00	0.000000e+00	0.000000e+00	0.000000e+00	0.000000e+00	0.000000e+00	0.000000e+00	0.000000e+00	0.000000e+00	0.000000e+00	0.000000e+00	0.000000e+00	0.000000e+00	0.000000e+00	0.000000e+00
41700	3.533978e+00	0.000000e+00	0.000000e+00	0.000000e+00	0.000000e+00	0.000000e+00	0.000000e+00	0.000000e+00	0.000000e+00	0.000000e+00	0.000000e+00	0.000000e+00	0.000000e+00	0.000000e+00	0.000000e+00	0.000000e+00
41800	3.554350e+00	0.000000e+00	0.000000e+00	0.000000e+00	0.000000e+00	0.000000e+00	0.000000e+00	0.000000e+00	0.000000e+00	0.000000e+00	0.000000e+00	0.000000e+00	0.000000e+00	0.000000e+00	0.000000e+00	0.000000e+00
41900	3.574857e+00	0.000000e+00	0.000000e+00	0.000000e+00	0.000000e+00	0.000000e+00	0.000000e+00	0.000000e+00	0.000000e+00	0.000000e+00	0.000000e+00	0.000000e+00	0.000000e+00	0.000000e+00	0.000000e+00	0.000000e+00
42000	3.595498e+00	0.000000e+00	0.000000e+00	0.000000e+00	0.000000e+00	0.000000e+00	0.000000e+00	0.000000e+00	0.000000e+00	0.000000e+00	0.000000e+00	0.000000e+00	0.000000e+00	0.000000e+00	0.000000e+00	0.000000e+00
42100	3.616274e+00	0.000000e+00	0.000000e+00	0.000000e+00	0.000000e+00	0.000000e+00	0.000000e+00	0.000000e+00	0.000000e+00	0.000000e+00	0.000000e+00	0.000000e+00	0.000000e+00	0.000000e+00	0.000000e+00	0.000000e+00
42200	3.637185e+00	0.000000e+00	0.000000e+00	0.000000e+00	0.000000e+00	0.000000e+00	0.000000e+00	0.000000e+00	0.000000e+00	0.000000e+00	0.000000e+00	0.000000e+00	0.000000e+00	0.000000e+00	0.000000e+00	0.000000e+00
42300	3.658231e+00	0.000000e+00	0.000000e+00	0.000000e+00	0.000000e+00	0.000000e+00	0.000000e+00	0.000000e+00	0.000000e+00	0.000000e+00	0.000000e+00	0.000000e+00	0.000000e+00	0.000000e+00	0.000000e+00	0.000000e+00
42400	3.679412e+00	0.000000e+00	0.000000e+00	0.000000e+00	0.000000e+00	0.000000e+00	0.000000e+00	0.000000e+00	0.000000e+00	0.000000e+00	0.000000e+00	0.000000e+00	0.000000e+00	0.000000e+00	0.000000e+00	0.000000e+00
42500	3.700728e+00	0.000000e+00	0.000000e+00	0.000000e+00	0.000000e+00	0.000000e+00	0.000000e+00	0.000000e+00	0.000000e+00	0.000000e+00	0.000000e+00	0.000000e+00	0.000000e+00	0.000000e+00	0.000000e+00	0.000000e+00
42600	3.722179e+00	0.000000e+00	0.000000e+00	0.000000e+00	0.000000e+00	0.000000e+00	0.000000e+00	0.000000e+00	0.000000e+00	0.000000e+00	0.000000e+00	0.000000e+00	0.000000e+00	0.000000e+00	0.000000e+00	0.000000e+00
42700	3.743766e+00	0.000000e+00	0.000000e+00	0.000000e+00	0.000000e+00	0.000000e+00	0.000000e+00	0.000000e+00	0.000000e+00	0.000000e+00	0.000000e+00	0.000000e+00	0.000000e+00	0.000000e+00	0.000000e+00	0.000000e+00
42800	3.765487e+00	0.000000e+00	0.000000e+00	0.000000e+00	0.000000e+00	0.000000e+00	0.000000e+00	0.000000e+00	0.000000e+00	0.000000e+00	0.000000e+00	0.000000e+00	0.000000e+00	0.000000e+00	0.000000e+00	0.000000e+00
42900	3.787344e+00	0.000000e+00	0.000000e+00	0.000000e+00	0.000000e+00	0.000000e+00	0.000000e+00	0.000000e+00	0.000000e+00	0.000000e+00	0.000000e+00	0.000000e+00	0.000000e+00	0.000000e+00	0.000000e+00	0.000000e+00
43000	3.809336e+00	0.000000e+00	0.000000e+00	0.000000e+00	0.000000e+00	0.000000e+00	0.000000e+00	0.000000e+00	0.000000e+00	0.000000e+00	0.000000e+00	0.000000e+00	0.000000e+00	0.000000e+00	0.000000e+00	0.000000e+00
43100	3.831463e+00	0.000000e+00	0.000000e+00	0.000000e+00	0.000000e+00	0.000000e+00	0.000000e+00	0.000000e+00	0.000000e+00	0.000000e+00	0.000000e+00	0.000000e+00	0.000000e+00	0.000000e+00	0.000000e+00	0.000000e+00
43200	3.853726e+00	0.000000e+00	0.000000e+00	0.000000e+00	0.000000e+00	0.000000e+00	0.000000e+00	0.000000e+00	0.000000e+00	0.000000e+00	0.000000e+00	0.000000e+00	0.000000e+00	0.000000e+00	0.000000e+00	0.000000e+00
43300	3.876124e+00	0.000000e+00	0.000000e+00	0.000000e+00	0.000000e+00	0.000000e+00	0.000000e+00	0.000000e+00	0.000000e+00	0.000000e+00	0.000000e+00	0.000000e+00	0.000000e+00	0.000000e+00	0.000000e+00	0.000000e+00
43400	3.898658e+00	0.000000e+00	0.000000e+00	0.000000e+00	0.000000e+00	0.000000e+00	0.000000e+00	0.000000e+00	0.000000e+00	0.000000e+00	0.000000e+00	0.000000e+00	0.000000e+00	0.000000e+00	0.000000e+00	0.000000e+00
43500	3.921328e+00	0.000000e+00	0.000000e+00	0.000000e+00	0.000000e+00	0.000000e+00	0.000000e+00	0.000000e+00	0.000000e+00	0.000000e+00	0.000000e+00	0.000000e+00	0.000000e+00	0.000000e+00	0.000000e+00	0.000000e+00
43600	3.944133e+00	0.000000e+00	0.000000e+00	0.000000e+00	0.000000e+00	0.000000e+00	0.000000e+00	0.000000e+00	0.000000e+00	0.000000e+00	0.000000e+00	0.000000e+00	0.000000e+00	0.000000e+00	0.000000e+00	0.000000e+00
43700	3.967074e+00	0.000000e+00	0.000000e+00	0.000000e+00	0.000000e+00	0.000000e+00	0.000000e+00	0.000000e+00	0.000000e+00	0.000000e+00	0.000000e+00	0.000000e+00	0.000000e+00	0.000000e+00	0.000000e+00	0.000000e+00
43800	3.990150e+00	0.000000e+00	0.000000e+00	0.000000e+00	0.000000e+00	0.000000e+00	0.000000e+00	0.000000e+00	0.000000e+00	0.000000e+00	0.000000e+00	0.000000e+00	0.000000e+00	0.000000e+00	0.000000e+00	0.000000e+00
43900	4.013363e+00	0.000000e+00	0.000000e+00	0.000000e+00	0.000000e+00	0.000000e+00	0.000000e+00	0.000000e+00	0.000000e+00	0.000000e+00	0.000000e+00	0.000000e+00	0.000000e+00	0.000000e+00	0.000000e+00	0.000000e+00
44000	4.036711e+00	0.000000e+00	0.000000e+00	0.000000e+00	0.000000e+00	0.000000e+00	0.000000e+00	0.000000e+00	0.000000e+00	0.000000e+00	0.000000e+00	0.000000e+00	0.000000e+00	0.000000e+00	0.000000e+00	0.000000e+00
44100	4.060195e+00	0.000000e+00	0.000000e+00	0.000000e+00	0.000000e+00	0.000000e+00	0.000000e+00	0.000000e+00	0.000000e+00	0.000000e+00	0.000000e+00	0.000000e+00	0.000000e+00	0.000000e+00	0.000000e+00	0.000000e+00
44200	4.083816e+00	0.000000e+00	0.000000e+00	0.000000e+00	0.000000e+00	0.000000e+00	0.000000e+00	0.000000e+00	0.000000e+00	0.000000e+00	0.000000e+00	0.000000e+00	0.000000e+00	0.000000e+00	0.000000e+00	0.000000e+00
44300	4.107572e+00	0.000000e+00	0.000000e+00	0.000000e+00	0.000000e+00	0.000000e+00	0.000000e+00	0.000000e+00	0.000000e+00	0.000000e+00	0.000000e+00	0.000000e+00	0.000000e+00	0.000000e+00	0.000000e+00	0.000000e+00
44400	4.131465e+00	0.000000e+00	0.000000e+00	0.000000e+00	0.000000e+00	0.000000e+00	0.000000e+00	0.000000e+00	0.000000e+00	0.000000e+00	0.000000e+00	0.000000e+00	0.000000e+00	0.000000e+00	0.000000e+00	0.000000e+00
44500	4.155493e+00	0.000000e+00	0.000000e+00	0.000000e+00	0.000000e+00	0.000000e+00	0.000000e+00	0.000000e+00	0.000000e+00	0.000000e+00	0.000000e+00	0.000000e+00	0.000000e+00	0.000000e+00	0.000000e+00	0.000000e+00
44600	4.179658e+00	0.000000e+00	0.000000e+00	0.000000e+00	0.000000e+00	0.000000e+00	0.000000e+00	0.000000e+00	0.000000e+00	0.000000e+00	0.000000e+00	0.000000e+00	0.000000e+00	0.000000e+00	0.000000e+00	0.000000e+00
44700	4.203960e+00	0.000000e+00	0.000000e+00	0.000000e+00	0.000000e+00	0.000000e+00	0.000000e+00	0.000000e+00	0.000000e+00	0.000000e+00	0.000000e+00	0.000000e+00	0.000000e+00	0.000000e+00	0.000000e+00	0.000000e+00
44800	4.228397e+00	0.000000e+00	0.000000e+00	0.000000e+00	0.000000e+00	0.000000e+00	0.000000e+00	0.000000e+00	0.000000e+00	0.000000e+00	0.000000e+00	0.000000e+00	0.000000e+00	0.000000e+00	0.000000e+00	0.000000e+00
44900	4.252971e+00	0.000000e+00	0.000000e+00	0.000000e+00	0.000000e+00	0.000000e+00	0.000000e+00	0.000000e+00	0.000000e+00	0.000000e+00	0.000000e+00	0.000000e+00	0.000000e+00	0.000000e+00	0.000000e+00	0.000000e+00
45000	4.277682e+00	0.000000e+00	0.000000e+00	0.000000e+00	0.000000e+00	0.000000e+00	0.000000e+00	0.000000e+00	0.000000e+00	0.000000e+00	0.000000e+00	0.000000e+00	0.000000e+00	0.000000e+00	0.000000e+00	0.000000e+00
