300	1.677809e+02	1.517755e+02	1.377426e+02	1.259465e+02	1.162139e+02	1.082005e+02	1.015483e+02	1.575925e+02	1.432310e+02	1.311379e+02	1.211338e+02	1.128737e+02	1.582041e+02	1.448109e+02	1.337371e+02	1.449018e+02
400	1.531273e+02	1.353750e+02	1.210839e+02	1.098337e+02	1.009542e+02	9.383282e+01	8.800178e+01	1.407878e+02	1.261218e+02	1.145418e+02	1.053732e+02	9.800009e+01	1.392596e+02	1.264439e+02	1.163032e+02	1.267050e+02
500	1.410222e+02	1.227752e+02	1.089393e+02	9.846655e+01	9.037924e+01	8.396052e+01	7.872769e+01	1.278410e+02	1.136018e+02	1.027868e+02	9.441011e+01	8.774674e+01	1.254068e+02	1.134452e+02	1.041853e+02	1.137783e+02
600	1.310731e+02	1.129245e+02	9.972817e+01	8.997821e+01	8.253657e+01	7.665857e+01	7.187484e+01	1.176837e+02	1.040714e+02	9.398024e+01	8.625792e+01	8.014703e+01	1.148760e+02	1.037176e+02	9.518167e+01	1.040752e+02
700	1.227396e+02	1.049789e+02	9.245376e+01	8.333947e+01	7.642569e+01	7.097623e+01	6.654436e+01	1.094841e+02	9.653825e+01	8.708709e+01	7.990148e+01	7.422947e+01	1.065439e+02	9.609765e+01	8.815771e+01	9.646980e+01
800	1.157197e+02	9.845018e+01	8.654658e+01	7.797359e+01	7.149467e+01	6.639379e+01	6.224681e+01	1.027298e+02	9.040924e+01	8.150897e+01	7.476884e+01	6.945512e+01	9.977029e+01	8.993323e+01	8.248617e+01	9.030882e+01
900	1.097277e+02	9.298321e+01	8.163777e+01	7.352512e+01	6.740906e+01	6.259750e+01	5.868683e+01	9.706776e+01	8.530899e+01	7.687695e+01	7.050884e+01	6.549332e+01	9.413454e+01	8.481734e+01	7.778258e+01	8.519019e+01
1000	1.045199e+02	8.831098e+01	7.747089e+01	6.975730e+01	6.395093e+01	5.938515e+01	5.567500e+01	9.222321e+01	8.097778e+01	7.295457e+01	6.690500e+01	6.214263e+01	8.934808e+01	8.048367e+01	7.380194e+01	8.085158e+01
1100	9.994363e+01	8.425975e+01	7.387661e+01	6.651275e+01	6.097471e+01	5.662104e+01	5.308352e+01	8.801842e+01	7.723729e+01	6.957240e+01	6.379920e+01	5.925607e+01	8.521516e+01	7.674784e+01	7.037237e+01	7.711115e+01
1200	9.590255e+01	8.071394e+01	7.074013e+01	6.368361e+01	5.838001e+01	5.421155e+01	5.082487e+01	8.433351e+01	7.397021e+01	6.662145e+01	6.109014e+01	5.673819e+01	8.160873e+01	7.349099e+01	6.738312e+01	7.384534e+01
1300	9.231159e+01	7.757896e+01	6.797075e+01	6.118628e+01	5.608948e+01	5.208400e+01	4.882989e+01	8.107766e+01	7.108722e+01	6.401803e+01	5.870026e+01	5.451717e+01	7.842295e+01	7.061536e+01	6.474403e+01	7.096281e+01
1400	8.908991e+01	7.478020e+01	6.550181e+01	5.896123e+01	5.404964e+01	5.019007e+01	4.705446e+01	7.816761e+01	6.851364e+01	6.169459e+01	5.656768e+01	5.253562e+01	7.557982e+01	6.805044e+01	6.239123e+01	6.839167e+01
1500	8.617607e+01	7.226148e+01	6.328272e+01	5.696204e+01	5.221709e+01	4.848861e+01	4.545937e+01	7.554561e+01	6.619991e+01	5.960776e+01	5.465304e+01	5.075672e+01	7.302499e+01	6.574681e+01	6.027851e+01	6.608077e+01
1600	8.352563e+01	6.998068e+01	6.127451e+01	5.515220e+01	5.055734e+01	4.694699e+01	4.401367e+01	7.317058e+01	6.410612e+01	5.771966e+01	5.292098e+01	4.914779e+01	7.071353e+01	6.366197e+01	5.836547e+01	6.398894e+01
1700	8.109891e+01	6.790302e+01	5.944811e+01	5.350727e+01	4.904949e+01	4.554694e+01	4.270105e+01	7.100583e+01	6.219925e+01	5.599989e+01	5.134286e+01	4.768137e+01	6.860961e+01	6.176553e+01	5.662611e+01	6.208451e+01
1800	7.886643e+01	6.599850e+01	5.777507e+01	5.200037e+01	4.766775e+01	4.426356e+01	4.149754e+01	6.902012e+01	6.045163e+01	5.442424e+01	4.989748e+01	4.633883e+01	6.668123e+01	6.002766e+01	5.503225e+01	6.033983e+01
1900	7.680242e+01	6.424400e+01	5.623503e+01	5.061317e+01	4.639539e+01	4.308133e+01	4.038847e+01	6.719163e+01	5.884451e+01	5.297603e+01	4.856938e+01	4.510542e+01	6.490618e+01	5.842796e+01	5.356476e+01	5.873543e+01
2000	7.488550e+01	6.261897e+01	5.481010e+01	4.933065e+01	4.521996e+01	4.198994e+01	3.936518e+01	6.549970e+01	5.735792e+01	5.163625e+01	4.734032e+01	4.396353e+01	6.326415e+01	5.694891e+01	5.220852e+01	5.725068e+01
2100	7.310164e+01	6.111118e+01	5.348955e+01	4.814273e+01	4.413149e+01	4.097942e+01	3.841781e+01	6.392958e+01	5.597932e+01	5.039400e+01	4.620079e+01	4.290487e+01	6.174262e+01	5.557918e+01	5.095280e+01	5.587415e+01
2200	7.144096e+01	5.970804e+01	5.225962e+01	4.703512e+01	4.311558e+01	4.003557e+01	3.753268e+01	6.246649e+01	5.469489e+01	4.923676e+01	4.513962e+01	4.191952e+01	6.032532e+01	5.430229e+01	4.978148e+01	5.459197e+01
2300	6.988904e+01	5.839718e+01	5.111065e+01	4.600041e+01	4.216636e+01	3.915333e+01	3.670489e+01	6.109802e+01	5.349480e+01	4.815622e+01	4.414900e+01	4.099956e+01	5.900091e+01	5.310923e+01	4.868699e+01	5.339494e+01
2400	6.843546e+01	5.717005e+01	5.003512e+01	4.503208e+01	4.127851e+01	3.832861e+01	3.593136e+01	5.981607e+01	5.237037e+01	4.714334e+01	4.321996e+01	4.013647e+01	5.776038e+01	5.199179e+01	4.766222e+01	5.227279e+01
2500	6.706927e+01	5.601703e+01	4.902466e+01	4.412266e+01	4.044517e+01	3.755506e+01	3.520626e+01	5.861164e+01	5.131359e+01	4.619129e+01	4.234678e+01	3.932544e+01	5.659448e+01	5.094193e+01	4.669987e+01	5.121762e+01
2600	6.578115e+01	5.493085e+01	4.807309e+01	4.326623e+01	3.966022e+01	3.682631e+01	3.452316e+01	5.747741e+01	5.031898e+01	4.529577e+01	4.152581e+01	3.856308e+01	5.549688e+01	4.995375e+01	4.579398e+01	5.022488e+01
2700	6.456455e+01	5.390525e+01	4.717388e+01	4.245597e+01	3.891679e+01	3.613565e+01	3.387569e+01	5.640717e+01	4.938024e+01	4.445033e+01	4.075066e+01	3.784323e+01	5.446048e+01	4.901978e+01	4.493703e+01	4.928783e+01
2800	6.341252e+01	5.293439e+01	4.632265e+01	4.168880e+01	3.821265e+01	3.548126e+01	3.326209e+01	5.539413e+01	4.849163e+01	4.364994e+01	4.001673e+01	3.716157e+01	5.347960e+01	4.813571e+01	4.412566e+01	4.840094e+01
2900	6.231908e+01	5.201423e+01	4.551693e+01	4.096347e+01	3.754737e+01	3.486308e+01	3.268226e+01	5.443346e+01	4.764946e+01	4.289159e+01	3.932139e+01	3.651577e+01	5.255061e+01	4.729918e+01	4.335838e+01	4.756061e+01
3000	6.128059e+01	5.114126e+01	4.475299e+01	4.027623e+01	3.691747e+01	3.427805e+01	3.213359e+01	5.352120e+01	4.684964e+01	4.217124e+01	3.866089e+01	3.590248e+01	5.166893e+01	4.650564e+01	4.263093e+01	4.676212e+01
3100	6.029253e+01	5.031077e+01	4.402614e+01	3.962242e+01	3.631838e+01	3.372179e+01	3.161199e+01	5.265324e+01	4.608849e+01	4.148563e+01	3.803223e+01	3.531878e+01	5.082977e+01	4.575036e+01	4.193868e+01	4.600201e+01
3200	5.934939e+01	4.951823e+01	4.333245e+01	3.899845e+01	3.574668e+01	3.319105e+01	3.111443e+01	5.182595e+01	4.536339e+01	4.083273e+01	3.743356e+01	3.476277e+01	5.002928e+01	4.502995e+01	4.127841e+01	4.527815e+01
3300	5.844863e+01	4.876137e+01	4.266955e+01	3.840173e+01	3.519971e+01	3.268325e+01	3.063851e+01	5.103705e+01	4.467228e+01	4.021052e+01	3.686299e+01	3.423268e+01	4.926508e+01	4.434188e+01	4.064757e+01	4.458850e+01
3400	5.758782e+01	4.803785e+01	4.203513e+01	3.783011e+01	3.467553e+01	3.219669e+01	3.018273e+01	5.028335e+01	4.401185e+01	3.961580e+01	3.631753e+01	3.372591e+01	4.853418e+01	4.368335e+01	4.004363e+01	4.392938e+01
3500	5.676456e+01	4.734586e+01	4.142813e+01	3.728304e+01	3.417381e+01	3.173095e+01	2.974647e+01	4.956151e+01	4.337939e+01	3.904639e+01	3.579543e+01	3.324093e+01	4.783479e+01	4.305313e+01	3.946564e+01	4.329834e+01
3600	5.597580e+01	4.668367e+01	4.084779e+01	3.676032e+01	3.369451e+01	3.128599e+01	2.932953e+01	4.886904e+01	4.277298e+01	3.850078e+01	3.529545e+01	3.277670e+01	4.716563e+01	4.245052e+01	3.891310e+01	4.269360e+01
3700	5.521975e+01	4.605002e+01	4.029308e+01	3.626097e+01	3.323665e+01	3.086073e+01	2.893078e+01	4.820479e+01	4.219136e+01	3.797757e+01	3.481611e+01	3.233176e+01	4.652532e+01	4.187411e+01	3.838461e+01	4.211354e+01
3800	5.449392e+01	4.544224e+01	3.976111e+01	3.578205e+01	3.279740e+01	3.045265e+01	2.854808e+01	4.756699e+01	4.163250e+01	3.747451e+01	3.435512e+01	3.190390e+01	4.591084e+01	4.132080e+01	3.787716e+01	4.155573e+01
3900	5.379571e+01	4.485777e+01	3.924956e+01	3.532151e+01	3.237497e+01	3.006011e+01	2.817989e+01	4.695412e+01	4.109517e+01	3.699055e+01	3.391145e+01	3.149202e+01	4.531981e+01	4.078857e+01	3.738899e+01	4.101906e+01
4000	5.312259e+01	4.429448e+01	3.875664e+01	3.487787e+01	3.196813e+01	2.968210e+01	2.782533e+01	4.636430e+01	4.057811e+01	3.652482e+01	3.348441e+01	3.109549e+01	4.475043e+01	4.027594e+01	3.691889e+01	4.050268e+01
4100	5.247321e+01	4.375109e+01	3.828111e+01	3.444992e+01	3.157577e+01	2.931765e+01	2.748353e+01	4.579668e+01	4.008073e+01	3.607684e+01	3.307352e+01	3.071376e+01	4.420154e+01	3.978184e+01	3.646585e+01	4.000613e+01
4200	5.184633e+01	4.322641e+01	3.782169e+01	3.403640e+01	3.119679e+01	2.896583e+01	2.715378e+01	4.524991e+01	3.960170e+01	3.564534e+01	3.267765e+01	3.034589e+01	4.367173e+01	3.930484e+01	3.602859e+01	3.952792e+01
4300	5.124084e+01	4.271953e+01	3.737767e+01	3.363675e+01	3.083068e+01	2.862619e+01	2.683565e+01	4.472240e+01	3.913959e+01	3.522911e+01	3.229585e+01	2.999112e+01	4.316006e+01	3.884417e+01	3.560639e+01	3.906667e+01
4400	5.065555e+01	4.222948e+01	3.694834e+01	3.325040e+01	3.047690e+01	2.829815e+01	2.652852e+01	4.421288e+01	3.869337e+01	3.482730e+01	3.192736e+01	2.964880e+01	4.266557e+01	3.839906e+01	3.519859e+01	3.862134e+01
4500	5.008903e+01	4.175549e+01	3.653333e+01	3.287714e+01	3.013523e+01	2.798143e+01	2.623204e+01	4.372015e+01	3.826215e+01	3.443922e+01	3.157164e+01	2.931847e+01	4.218760e+01	3.796906e+01	3.480481e+01	3.819110e+01
4600	4.954111e+01	4.129759e+01	3.613267e+01	3.251684e+01	2.980536e+01	2.767549e+01	2.594551e+01	4.324347e+01	3.784516e+01	3.406407e+01	3.122781e+01	2.899922e+01	4.172592e+01	3.755379e+01	3.442447e+01	3.777505e+01
4700	4.901125e+01	4.085518e+01	3.574556e+01	3.216854e+01	2.948622e+01	2.737930e+01	2.566797e+01	4.278180e+01	3.744118e+01	3.370049e+01	3.089453e+01	2.868977e+01	4.127949e+01	3.715202e+01	3.405629e+01	3.737177e+01
4800	4.849872e+01	4.042744e+01	3.537114e+01	3.183141e+01	2.917709e+01	2.709223e+01	2.539887e+01	4.233426e+01	3.704941e+01	3.334778e+01	3.057114e+01	2.838951e+01	4.084736e+01	3.676286e+01	3.369945e+01	3.698056e+01
4900	4.800277e+01	4.001365e+01	3.500881e+01	3.150495e+01	2.887752e+01	2.681385e+01	2.513779e+01	4.190004e+01	3.666916e+01	3.300536e+01	3.025711e+01	2.809785e+01	4.042884e+01	3.638572e+01	3.335337e+01	3.660081e+01
5000	4.752193e+01	3.961262e+01	3.465770e+01	3.118859e+01	2.858715e+01	2.654396e+01	2.488463e+01	4.147829e+01	3.629986e+01	3.267287e+01	2.995220e+01	2.781463e+01	4.002308e+01	3.602006e+01	3.301774e+01	3.623211e+01
5100	4.705518e+01	3.922356e+01	3.431722e+01	3.088190e+01	2.830572e+01	2.628238e+01	2.463926e+01	4.106880e+01	3.594145e+01	3.235031e+01	2.965645e+01	2.753986e+01	3.962958e+01	3.566554e+01	3.269235e+01	3.587448e+01
5200	4.660181e+01	3.884576e+01	3.398672e+01	3.058433e+01	2.803276e+01	2.602877e+01	2.440138e+01	4.067143e+01	3.559378e+01	3.203753e+01	2.936973e+01	2.727349e+01	3.924771e+01	3.532167e+01	3.237686e+01	3.552775e+01
5300	4.616101e+01	3.847835e+01	3.366530e+01	3.029501e+01	2.776751e+01	2.578244e+01	2.417043e+01	4.028575e+01	3.525632e+01	3.173394e+01	2.909149e+01	2.701505e+01	3.887653e+01	3.498754e+01	3.207045e+01	3.519121e+01
5400	4.573213e+01	3.812069e+01	3.335237e+01	3.001345e+01	2.750953e+01	2.554300e+01	2.394604e+01	3.991128e+01	3.492863e+01	3.143916e+01	2.882140e+01	2.676429e+01	3.851538e+01	3.466260e+01	3.177268e+01	3.486445e+01
5500	4.531463e+01	3.777223e+01	3.304743e+01	2.973915e+01	2.725828e+01	2.530987e+01	2.372758e+01	3.954749e+01	3.461023e+01	3.115270e+01	2.855894e+01	2.652063e+01	3.816367e+01	3.434625e+01	3.148291e+01	3.454691e+01
5600	4.490785e+01	3.743252e+01	3.275015e+01	2.947182e+01	2.701351e+01	2.508279e+01	2.351479e+01	3.919350e+01	3.430042e+01	3.087400e+01	2.830364e+01	2.628369e+01	3.782094e+01	3.403809e+01	3.120076e+01	3.423800e+01
5700	4.451139e+01	3.710141e+01	3.246045e+01	2.921136e+01	2.677507e+01	2.486158e+01	2.330748e+01	3.884888e+01	3.399883e+01	3.060268e+01	2.805511e+01	2.605306e+01	3.748698e+01	3.373789e+01	3.092594e+01	3.393730e+01
5800	4.412512e+01	3.677886e+01	3.217826e+01	2.895767e+01	2.654279e+01	2.464608e+01	2.310550e+01	3.851334e+01	3.370515e+01	3.033839e+01	2.781293e+01	2.582830e+01	3.716166e+01	3.344540e+01	3.065814e+01	3.364439e+01
5900	4.374875e+01	3.646461e+01	3.190327e+01	2.871036e+01	2.631631e+01	2.443593e+01	2.290855e+01	3.818635e+01	3.341881e+01	3.008053e+01	2.757652e+01	2.560884e+01	3.684455e+01	3.316014e+01	3.039685e+01	3.335859e+01
6000	4.338195e+01	3.615836e+01	3.163519e+01	2.846916e+01	2.609537e+01	2.423092e+01	2.271646e+01	3.786740e+01	3.313928e+01	2.982861e+01	2.734543e+01	2.539428e+01	3.653526e+01	3.288172e+01	3.014169e+01	3.307937e+01
6100	4.302437e+01	3.585984e+01	3.137387e+01	2.823399e+01	2.587990e+01	2.403096e+01	2.252911e+01	3.755620e+01	3.286640e+01	2.958254e+01	2.711959e+01	2.518453e+01	3.623363e+01	3.261007e+01	2.989262e+01	3.280659e+01
6200	4.267564e+01	3.556875e+01	3.111905e+01	2.800466e+01	2.566974e+01	2.383592e+01	2.234635e+01	3.725253e+01	3.260004e+01	2.934229e+01	2.689902e+01	2.497960e+01	3.593940e+01	3.234503e+01	2.964957e+01	3.254018e+01
6300	4.233514e+01	3.528464e+01	3.087045e+01	2.778099e+01	2.546479e+01	2.364570e+01	2.216811e+01	3.695609e+01	3.234009e+01	2.910784e+01	2.668378e+01	2.477958e+01	3.565232e+01	3.208650e+01	2.941251e+01	3.228016e+01
6400	4.200269e+01	3.500740e+01	3.062799e+01	2.756288e+01	2.526495e+01	2.346020e+01	2.199424e+01	3.666672e+01	3.208650e+01	2.887925e+01	2.647394e+01	2.458454e+01	3.537234e+01	3.183444e+01	2.918140e+01	3.202657e+01
6500	4.167818e+01	3.473693e+01	3.039154e+01	2.735023e+01	2.507008e+01	2.327924e+01	2.182454e+01	3.638430e+01	3.183923e+01	2.865650e+01	2.626953e+01	2.439453e+01	3.509935e+01	3.158876e+01	2.895617e+01	3.177940e+01
6600	4.136136e+01	3.447296e+01	3.016078e+01	2.714264e+01	2.487980e+01	2.310251e+01	2.165874e+01	3.610853e+01	3.159795e+01	2.843930e+01	2.607030e+01	2.420936e+01	3.483301e+01	3.134911e+01	2.873646e+01	3.153837e+01
6700	4.105202e+01	3.421520e+01	2.993534e+01	2.693975e+01	2.469375e+01	2.292964e+01	2.149656e+01	3.583900e+01	3.136225e+01	2.822723e+01	2.587585e+01	2.402867e+01	3.457289e+01	3.111501e+01	2.852182e+01	3.130302e+01
6800	4.074981e+01	3.396332e+01	2.971495e+01	2.674131e+01	2.451173e+01	2.276049e+01	2.133786e+01	3.557530e+01	3.113176e+01	2.801998e+01	2.568593e+01	2.385227e+01	3.431865e+01	3.088618e+01	2.831201e+01	3.107304e+01
6900	4.045445e+01	3.371703e+01	2.949936e+01	2.654715e+01	2.433361e+01	2.259496e+01	2.118254e+01	3.531716e+01	3.090620e+01	2.781723e+01	2.550021e+01	2.367982e+01	3.406998e+01	3.066232e+01	2.810673e+01	3.084811e+01
7000	4.016553e+01	3.347600e+01	2.928832e+01	2.635708e+01	2.415926e+01	2.243294e+01	2.103054e+01	3.506421e+01	3.068523e+01	2.761870e+01	2.531843e+01	2.351108e+01	3.382653e+01	3.044317e+01	2.790579e+01	3.062790e+01
7100	3.988261e+01	3.323996e+01	2.908166e+01	2.617099e+01	2.398860e+01	2.227439e+01	2.088182e+01	3.481626e+01	3.046866e+01	2.742419e+01	2.514039e+01	2.334587e+01	3.358809e+01	3.022855e+01	2.770903e+01	3.041219e+01
7200	3.960546e+01	3.300873e+01	2.887924e+01	2.598875e+01	2.382150e+01	2.211917e+01	2.073624e+01	3.457321e+01	3.025636e+01	2.723351e+01	2.496585e+01	2.318394e+01	3.335448e+01	3.001828e+01	2.751625e+01	3.020078e+01
7300	3.933386e+01	3.278213e+01	2.868089e+01	2.581021e+01	2.365782e+01	2.196715e+01	2.059366e+01	3.433498e+01	3.004817e+01	2.704643e+01	2.479458e+01	2.302502e+01	3.312547e+01	2.981214e+01	2.732728e+01	2.999343e+01
7400	3.906756e+01	3.255993e+01	2.848639e+01	2.563517e+01	2.349738e+01	2.181816e+01	2.045395e+01	3.410146e+01	2.984391e+01	2.686273e+01	2.462633e+01	2.286890e+01	3.290081e+01	2.960988e+01	2.714185e+01	2.978987e+01
7500	3.880635e+01	3.234195e+01	2.829558e+01	2.546346e+01	2.334004e+01	2.167210e+01	2.031701e+01	3.387264e+01	2.964356e+01	2.668238e+01	2.446106e+01	2.271552e+01	3.268036e+01	2.941139e+01	2.695989e+01	2.959006e+01
7600	3.855006e+01	3.212805e+01	2.810837e+01	2.529504e+01	2.318575e+01	2.152890e+01	2.018278e+01	3.364842e+01	2.944708e+01	2.650540e+01	2.429879e+01	2.256491e+01	3.246407e+01	2.921666e+01	2.678141e+01	2.939400e+01
7700	3.829862e+01	3.191818e+01	2.792472e+01	2.512984e+01	2.303441e+01	2.138843e+01	2.005110e+01	3.342873e+01	2.925448e+01	2.633180e+01	2.413956e+01	2.241708e+01	3.225188e+01	2.902563e+01	2.660632e+01	2.920168e+01
7800	3.805186e+01	3.171219e+01	2.774448e+01	2.496773e+01	2.288593e+01	2.125061e+01	1.992189e+01	3.321338e+01	2.906559e+01	2.616152e+01	2.398335e+01	2.227204e+01	3.204365e+01	2.883819e+01	2.643456e+01	2.901302e+01
7900	3.780957e+01	3.150994e+01	2.756757e+01	2.480866e+01	2.274025e+01	2.111540e+01	1.979514e+01	3.300215e+01	2.888034e+01	2.599454e+01	2.383020e+01	2.212985e+01	3.183929e+01	2.865431e+01	2.626610e+01	2.882802e+01
8000	3.757167e+01	3.131141e+01	2.739398e+01	2.465262e+01	2.259735e+01	2.098279e+01	1.967082e+01	3.279499e+01	2.869874e+01	2.583091e+01	2.368016e+01	2.199056e+01	3.163882e+01	2.847401e+01	2.610096e+01	2.864671e+01
8100	3.733816e+01	3.111663e+01	2.722372e+01	2.449959e+01	2.245722e+01	2.085271e+01	1.954885e+01	3.259188e+01	2.852082e+01	2.567068e+01	2.353326e+01	2.185418e+01	3.144227e+01	2.829728e+01	2.593911e+01	2.846912e+01
8200	3.710902e+01	3.092558e+01	2.705675e+01	2.434951e+01	2.231975e+01	2.072508e+01	1.942917e+01	3.239279e+01	2.834654e+01	2.551381e+01	2.338947e+01	2.172067e+01	3.124959e+01	2.812409e+01	2.578048e+01	2.829521e+01
8300	3.688419e+01	3.073817e+01	2.689293e+01	2.420221e+01	2.218479e+01	2.059976e+01	1.931164e+01	3.219753e+01	2.817572e+01	2.536010e+01	2.324860e+01	2.158985e+01	3.106063e+01	2.795420e+01	2.562486e+01	2.812475e+01
8400	3.666360e+01	3.055432e+01	2.673217e+01	2.405759e+01	2.205223e+01	2.047666e+01	1.919621e+01	3.200594e+01	2.800813e+01	2.520932e+01	2.311040e+01	2.146152e+01	3.087520e+01	2.778744e+01	2.547204e+01	2.795749e+01
8500	3.644715e+01	3.037392e+01	2.657437e+01	2.391558e+01	2.192205e+01	2.035576e+01	1.908285e+01	3.181790e+01	2.784367e+01	2.506136e+01	2.297480e+01	2.133559e+01	3.069321e+01	2.762371e+01	2.532197e+01	2.779333e+01
8600	3.623464e+01	3.019682e+01	2.641943e+01	2.377610e+01	2.179415e+01	2.023696e+01	1.897147e+01	3.163329e+01	2.768222e+01	2.491609e+01	2.284163e+01	2.121189e+01	3.051452e+01	2.746290e+01	2.517453e+01	2.763212e+01
8700	3.602599e+01	3.002291e+01	2.626724e+01	2.363905e+01	2.166843e+01	2.012016e+01	1.886194e+01	3.145201e+01	2.752366e+01	2.477338e+01	2.271075e+01	2.109028e+01	3.033903e+01	2.730490e+01	2.502961e+01	2.747373e+01
8800	3.582098e+01	2.985203e+01	2.611769e+01	2.350436e+01	2.154486e+01	2.000533e+01	1.875424e+01	3.127387e+01	2.736782e+01	2.463309e+01	2.258207e+01	2.097067e+01	3.016655e+01	2.714961e+01	2.488713e+01	2.731801e+01
8900	3.561938e+01	2.968402e+01	2.597068e+01	2.337197e+01	2.142339e+01	1.989244e+01	1.864834e+01	3.109872e+01	2.721458e+01	2.449512e+01	2.245549e+01	2.085299e+01	2.999699e+01	2.699692e+01	2.474703e+01	2.716485e+01
9000	3.542108e+01	2.951882e+01	2.582615e+01	2.324183e+01	2.130398e+01	1.978145e+01	1.854421e+01	3.092642e+01	2.706383e+01	2.435937e+01	2.233091e+01	2.073716e+01	2.983026e+01	2.684679e+01	2.460927e+01	2.701417e+01
9100	3.522603e+01	2.935635e+01	2.568407e+01	2.311390e+01	2.118660e+01	1.967234e+01	1.844182e+01	3.075689e+01	2.691546e+01	2.422574e+01	2.220827e+01	2.062311e+01	2.966627e+01	2.669913e+01	2.447378e+01	2.686585e+01
9200	3.503417e+01	2.919656e+01	2.554436e+01	2.298814e+01	2.107122e+01	1.956507e+01	1.834114e+01	3.059002e+01	2.676938e+01	2.409414e+01	2.208749e+01	2.051081e+01	2.950495e+01	2.655389e+01	2.434051e+01	2.671982e+01
9300	3.484536e+01	2.903935e+01	2.540692e+01	2.286445e+01	2.095775e+01	1.945958e+01	1.824213e+01	3.042568e+01	2.662549e+01	2.396450e+01	2.196851e+01	2.040019e+01	2.934621e+01	2.641097e+01	2.420941e+01	2.657600e+01
9400	3.465951e+01	2.888457e+01	2.527159e+01	2.274265e+01	2.084603e+01	1.935573e+01	1.814467e+01	3.026376e+01	2.648365e+01	2.383670e+01	2.185124e+01	2.029122e+01	2.918986e+01	2.627022e+01	2.408030e+01	2.643425e+01
9500	3.447656e+01	2.873216e+01	2.513832e+01	2.262271e+01	2.073603e+01	1.925350e+01	1.804874e+01	3.010419e+01	2.634384e+01	2.371074e+01	2.173570e+01	2.018389e+01	2.903585e+01	2.613158e+01	2.395318e+01	2.629457e+01
9600	3.429643e+01	2.858205e+01	2.500705e+01	2.250458e+01	2.062771e+01	1.915286e+01	1.795433e+01	2.994687e+01	2.620600e+01	2.358658e+01	2.162188e+01	2.007822e+01	2.888413e+01	2.599502e+01	2.382799e+01	2.615692e+01
9700	3.411911e+01	2.843422e+01	2.487774e+01	2.238823e+01	2.052103e+01	1.905376e+01	1.786137e+01	2.979178e+01	2.607012e+01	2.346423e+01	2.150974e+01	1.997416e+01	2.873464e+01	2.586048e+01	2.370470e+01	2.602128e+01
9800	3.394454e+01	2.828861e+01	2.475035e+01	2.227359e+01	2.041595e+01	1.895616e+01	1.776983e+01	2.963889e+01	2.593617e+01	2.334366e+01	2.139929e+01	1.987170e+01	2.858735e+01	2.572793e+01	2.358325e+01	2.588764e+01
9900	3.377264e+01	2.814516e+01	2.462481e+01	2.216065e+01	2.031244e+01	1.886004e+01	1.767970e+01	2.948815e+01	2.580415e+01	2.322487e+01	2.129053e+01	1.977084e+01	2.844222e+01	2.559735e+01	2.346363e+01	2.575599e+01
10000	3.360327e+01	2.800381e+01	2.450112e+01	2.204938e+01	2.021048e+01	1.876538e+01	1.759096e+01	2.933957e+01	2.567408e+01	2.310789e+01	2.118345e+01	1.967158e+01	2.829923e+01	2.546871e+01	2.334582e+01	2.562635e+01
10100	3.343640e+01	2.786454e+01	2.437925e+01	2.193975e+01	2.011005e+01	1.867216e+01	1.750357e+01	2.919316e+01	2.554598e+01	2.299274e+01	2.107808e+01	1.957390e+01	2.815838e+01	2.534202e+01	2.322980e+01	2.549872e+01
10200	3.327201e+01	2.772733e+01	2.425919e+01	2.183175e+01	2.001111e+01	1.858032e+01	1.741748e+01	2.904897e+01	2.541988e+01	2.287942e+01	2.097438e+01	1.947776e+01	2.801966e+01	2.521725e+01	2.311553e+01	2.537312e+01
10300	3.311006e+01	2.759216e+01	2.414091e+01	2.172535e+01	1.991363e+01	1.848984e+01	1.733267e+01	2.890700e+01	2.529580e+01	2.276793e+01	2.087235e+01	1.938314e+01	2.788306e+01	2.509438e+01	2.300299e+01	2.524954e+01
10400	3.295050e+01	2.745902e+01	2.402441e+01	2.162054e+01	1.981760e+01	1.840069e+01	1.724910e+01	2.876726e+01	2.517370e+01	2.265823e+01	2.077193e+01	1.928998e+01	2.774854e+01	2.497336e+01	2.289212e+01	2.512792e+01
10500	3.279328e+01	2.732783e+01	2.390958e+01	2.151721e+01	1.972291e+01	1.831278e+01	1.716669e+01	2.862966e+01	2.505348e+01	2.255018e+01	2.067298e+01	1.919814e+01	2.761600e+01	2.485408e+01	2.278281e+01	2.500813e+01
10600	3.263833e+01	2.719852e+01	2.379637e+01	2.141531e+01	1.962950e+01	1.822605e+01	1.708539e+01	2.849416e+01	2.493506e+01	2.244371e+01	2.057542e+01	1.910755e+01	2.748535e+01	2.473647e+01	2.267498e+01	2.489007e+01
10700	3.248558e+01	2.707104e+01	2.368474e+01	2.131479e+01	1.953734e+01	1.814048e+01	1.700519e+01	2.836069e+01	2.481838e+01	2.233876e+01	2.047921e+01	1.901818e+01	2.735656e+01	2.462049e+01	2.256862e+01	2.477369e+01
10800	3.233493e+01	2.694531e+01	2.357464e+01	2.121564e+01	1.944642e+01	1.805605e+01	1.692604e+01	2.822915e+01	2.470339e+01	2.223528e+01	2.038432e+01	1.892999e+01	2.722955e+01	2.450611e+01	2.246369e+01	2.465894e+01
10900	3.218635e+01	2.682132e+01	2.346605e+01	2.111784e+01	1.935672e+01	1.797273e+01	1.684794e+01	2.809955e+01	2.459005e+01	2.213326e+01	2.029071e+01	1.884297e+01	2.710432e+01	2.439330e+01	2.236018e+01	2.454580e+01
11000	3.203975e+01	2.669899e+01	2.335893e+01	2.102136e+01	1.926822e+01	1.789053e+01	1.677087e+01	2.797181e+01	2.447832e+01	2.203266e+01	2.019837e+01	1.875709e+01	2.698079e+01	2.428203e+01	2.225808e+01	2.443422e+01
11100	3.189507e+01	2.657826e+01	2.325323e+01	2.092616e+01	1.918091e+01	1.780941e+01	1.669483e+01	2.784584e+01	2.436813e+01	2.193341e+01	2.010727e+01	1.867236e+01	2.685893e+01	2.417226e+01	2.215735e+01	2.432416e+01
11200	3.175225e+01	2.645910e+01	2.314893e+01	2.083225e+01	1.909477e+01	1.772940e+01	1.661980e+01	2.772158e+01	2.425942e+01	2.183551e+01	2.001738e+01	1.858875e+01	2.673870e+01	2.406398e+01	2.205799e+01	2.421558e+01
11300	3.161125e+01	2.634151e+01	2.304604e+01	2.073962e+01	1.900981e+01	1.765047e+01	1.654580e+01	2.759897e+01	2.415217e+01	2.173892e+01	1.992870e+01	1.850626e+01	2.662009e+01	2.395719e+01	2.196001e+01	2.410845e+01
11400	3.147208e+01	2.622547e+01	2.294454e+01	2.064826e+01	1.892602e+01	1.757262e+01	1.647279e+01	2.747798e+01	2.404633e+01	2.164361e+01	1.984121e+01	1.842487e+01	2.650308e+01	2.385185e+01	2.186337e+01	2.400275e+01
11500	3.133472e+01	2.611098e+01	2.284442e+01	2.055815e+01	1.884338e+01	1.749583e+01	1.640077e+01	2.735859e+01	2.394189e+01	2.154955e+01	1.975487e+01	1.834456e+01	2.638765e+01	2.374796e+01	2.176807e+01	2.389845e+01
11600	3.119915e+01	2.599802e+01	2.274566e+01	2.046928e+01	1.876187e+01	1.742009e+01	1.632973e+01	2.724075e+01	2.383880e+01	2.145672e+01	1.966967e+01	1.826533e+01	2.627376e+01	2.364548e+01	2.167408e+01	2.379551e+01
11700	3.106535e+01	2.588655e+01	2.264821e+01	2.038158e+01	1.868144e+01	1.734535e+01	1.625962e+01	2.712442e+01	2.373702e+01	2.136508e+01	1.958559e+01	1.818716e+01	2.616137e+01	2.354435e+01	2.158133e+01	2.369389e+01
11800	3.093329e+01	2.577655e+01	2.255204e+01	2.029503e+01	1.860205e+01	1.727158e+01	1.619042e+01	2.700956e+01	2.363652e+01	2.127459e+01	1.950258e+01	1.811001e+01	2.605042e+01	2.344452e+01	2.148979e+01	2.359353e+01
11900	3.080296e+01	2.566799e+01	2.245712e+01	2.020960e+01	1.852369e+01	1.719877e+01	1.612212e+01	2.689616e+01	2.353727e+01	2.118522e+01	1.942062e+01	1.803385e+01	2.594090e+01	2.334596e+01	2.139942e+01	2.349443e+01
12000	3.067433e+01	2.556085e+01	2.236343e+01	2.012526e+01	1.844634e+01	1.712689e+01	1.605471e+01	2.678419e+01	2.343924e+01	2.109697e+01	1.933970e+01	1.795869e+01	2.583278e+01	2.324866e+01	2.131021e+01	2.339655e+01
12100	3.054737e+01	2.545509e+01	2.227093e+01	2.004200e+01	1.836997e+01	1.705595e+01	1.598817e+01	2.667358e+01	2.334241e+01	2.100980e+01	1.925980e+01	1.788450e+01	2.572601e+01	2.315258e+01	2.122213e+01	2.329986e+01
12200	3.042205e+01	2.535068e+01	2.217960e+01	1.995977e+01	1.829455e+01	1.698587e+01	1.592245e+01	2.656432e+01	2.324673e+01	2.092367e+01	1.918086e+01	1.781123e+01	2.562055e+01	2.305767e+01	2.113511e+01	2.320432e+01
12300	3.029835e+01	2.524760e+01	2.208940e+01	1.987856e+01	1.822005e+01	1.691665e+01	1.585753e+01	2.645635e+01	2.315216e+01	2.083854e+01	1.910286e+01	1.773883e+01	2.551636e+01	2.296389e+01	2.104914e+01	2.310990e+01
12400	3.017621e+01	2.514578e+01	2.200029e+01	1.979831e+01	1.814645e+01	1.684827e+01	1.579339e+01	2.634961e+01	2.305867e+01	2.075440e+01	1.902577e+01	1.766729e+01	2.541339e+01	2.287121e+01	2.096418e+01	2.301655e+01
12500	3.005553e+01	2.504517e+01	2.191223e+01	1.971902e+01	1.807372e+01	1.678071e+01	1.573004e+01	2.624410e+01	2.296624e+01	2.067121e+01	1.894958e+01	1.759660e+01	2.531159e+01	2.277959e+01	2.088020e+01	2.292426e+01
12600	2.993627e+01	2.494574e+01	2.182520e+01	1.964067e+01	1.800187e+01	1.671396e+01	1.566745e+01	2.613978e+01	2.287485e+01	2.058898e+01	1.887428e+01	1.752675e+01	2.521097e+01	2.268903e+01	2.079720e+01	2.283303e+01
12700	2.981839e+01	2.484746e+01	2.173919e+01	1.956323e+01	1.793086e+01	1.664801e+01	1.560561e+01	2.603665e+01	2.278452e+01	2.050770e+01	1.879985e+01	1.745771e+01	2.511149e+01	2.259950e+01	2.071516e+01	2.274284e+01
12800	2.970188e+01	2.475032e+01	2.165418e+01	1.948670e+01	1.786069e+01	1.658283e+01	1.554450e+01	2.593471e+01	2.269522e+01	2.042736e+01	1.872628e+01	1.738947e+01	2.501314e+01	2.251100e+01	2.063405e+01	2.265369e+01
12900	2.958672e+01	2.465429e+01	2.157014e+01	1.941106e+01	1.779134e+01	1.651842e+01	1.548410e+01	2.583394e+01	2.260696e+01	2.034795e+01	1.865356e+01	1.732201e+01	2.491592e+01	2.242351e+01	2.055387e+01	2.256557e+01
13000	2.947287e+01	2.455936e+01	2.148706e+01	1.933627e+01	1.772278e+01	1.645474e+01	1.542439e+01	2.573433e+01	2.251972e+01	2.026945e+01	1.858166e+01	1.725530e+01	2.481979e+01	2.233700e+01	2.047458e+01	2.247847e+01
13100	2.936028e+01	2.446548e+01	2.140489e+01	1.926230e+01	1.765495e+01	1.639175e+01	1.536533e+01	2.563586e+01	2.243346e+01	2.019182e+01	1.851054e+01	1.718929e+01	2.472472e+01	2.225143e+01	2.039615e+01	2.239234e+01
13200	2.924893e+01	2.437261e+01	2.132359e+01	1.918910e+01	1.758784e+01	1.632943e+01	1.530690e+01	2.553850e+01	2.234817e+01	2.011503e+01	1.844017e+01	1.712398e+01	2.463069e+01	2.216678e+01	2.031855e+01	2.230716e+01
13300	2.913881e+01	2.428076e+01	2.124316e+01	1.911668e+01	1.752144e+01	1.626777e+01	1.524911e+01	2.544222e+01	2.226381e+01	2.003907e+01	1.837054e+01	1.705935e+01	2.453767e+01	2.208302e+01	2.024177e+01	2.222290e+01
13400	2.902990e+01	2.418991e+01	2.116360e+01	1.904503e+01	1.745574e+01	1.620677e+01	1.519193e+01	2.534701e+01	2.218039e+01	1.996393e+01	1.830166e+01	1.699540e+01	2.444566e+01	2.200017e+01	2.016581e+01	2.213957e+01
13500	2.892216e+01	2.410003e+01	2.108489e+01	1.897414e+01	1.739074e+01	1.614642e+01	1.513538e+01	2.525287e+01	2.209789e+01	1.988962e+01	1.823351e+01	1.693213e+01	2.435466e+01	2.191821e+01	2.009067e+01	2.205716e+01
13600	2.881557e+01	2.401112e+01	2.100702e+01	1.890401e+01	1.732644e+01	1.608673e+01	1.507944e+01	2.515979e+01	2.201633e+01	1.981613e+01	1.816611e+01	1.686954e+01	2.426466e+01	2.183715e+01	2.001635e+01	2.197568e+01
13700	2.871013e+01	2.392316e+01	2.092999e+01	1.883463e+01	1.726283e+01	1.602766e+01	1.502409e+01	2.506778e+01	2.193571e+01	1.974347e+01	1.809944e+01	1.680762e+01	2.417566e+01	2.175699e+01	1.994284e+01	2.189513e+01
13800	2.860582e+01	2.383615e+01	2.085379e+01	1.876600e+01	1.719989e+01	1.596922e+01	1.496932e+01	2.497683e+01	2.185602e+01	1.967164e+01	1.803352e+01	1.674636e+01	2.408766e+01	2.167772e+01	1.987014e+01	2.181551e+01
13900	2.850259e+01	2.375004e+01	2.077838e+01	1.869809e+01	1.713761e+01	1.591140e+01	1.491514e+01	2.488688e+01	2.177721e+01	1.960060e+01	1.796831e+01	1.668577e+01	2.400061e+01	2.159930e+01	1.979822e+01	2.173678e+01
14000	2.840041e+01	2.366480e+01	2.070375e+01	1.863088e+01	1.707600e+01	1.585419e+01	1.486153e+01	2.479790e+01	2.169926e+01	1.953035e+01	1.790382e+01	1.662584e+01	2.391450e+01	2.152174e+01	1.972709e+01	2.165892e+01
14100	2.829925e+01	2.358043e+01	2.062990e+01	1.856439e+01	1.701504e+01	1.579760e+01	1.480851e+01	2.470986e+01	2.162217e+01	1.946088e+01	1.784005e+01	1.656657e+01	2.382931e+01	2.144502e+01	1.965675e+01	2.158194e+01
14200	2.819910e+01	2.349692e+01	2.055682e+01	1.849862e+01	1.695474e+01	1.574162e+01	1.475606e+01	2.462277e+01	2.154594e+01	1.939218e+01	1.777700e+01	1.650797e+01	2.374505e+01	2.136916e+01	1.958718e+01	2.150582e+01
14300	2.809996e+01	2.341427e+01	2.048452e+01	1.843355e+01	1.689510e+01	1.568626e+01	1.470418e+01	2.453662e+01	2.147054e+01	1.932427e+01	1.771466e+01	1.645003e+01	2.366172e+01	2.129414e+01	1.951841e+01	2.143057e+01
14400	2.800182e+01	2.333249e+01	2.041299e+01	1.836919e+01	1.683612e+01	1.563150e+01	1.465286e+01	2.445139e+01	2.139599e+01	1.925712e+01	1.765304e+01	1.639275e+01	2.357930e+01	2.121996e+01	1.945040e+01	2.135617e+01
14500	2.790470e+01	2.325157e+01	2.034224e+01	1.830554e+01	1.677778e+01	1.557734e+01	1.460210e+01	2.436709e+01	2.132227e+01	1.919074e+01	1.759212e+01	1.633613e+01	2.349780e+01	2.114661e+01	1.938317e+01	2.128261e+01
14600	2.780858e+01	2.317152e+01	2.027226e+01	1.824259e+01	1.672010e+01	1.552379e+01	1.455190e+01	2.428369e+01	2.124936e+01	1.912512e+01	1.753191e+01	1.628015e+01	2.341720e+01	2.107410e+01	1.931669e+01	2.120988e+01
14700	2.771346e+01	2.309232e+01	2.020304e+01	1.818033e+01	1.666305e+01	1.547082e+01	1.450225e+01	2.420119e+01	2.117726e+01	1.906022e+01	1.747238e+01	1.622481e+01	2.333749e+01	2.100238e+01	1.925095e+01	2.113795e+01
14800	2.761933e+01	2.301396e+01	2.013456e+01	1.811874e+01	1.660660e+01	1.541841e+01	1.445311e+01	2.411954e+01	2.110591e+01	1.899603e+01	1.741348e+01	1.617007e+01	2.325863e+01	2.093144e+01	1.918591e+01	2.106678e+01
14900	2.752618e+01	2.293641e+01	2.006677e+01	1.805777e+01	1.655072e+01	1.536652e+01	1.440447e+01	2.403874e+01	2.103530e+01	1.893249e+01	1.735520e+01	1.611589e+01	2.318058e+01	2.086121e+01	1.912152e+01	2.099632e+01
15000	2.743399e+01	2.285967e+01	1.999968e+01	1.799741e+01	1.649540e+01	1.531516e+01	1.435631e+01	2.395876e+01	2.096541e+01	1.886960e+01	1.729751e+01	1.606227e+01	2.310333e+01	2.079169e+01	1.905777e+01	2.092657e+01
15100	2.734277e+01	2.278372e+01	1.993327e+01	1.793766e+01	1.644063e+01	1.526431e+01	1.430865e+01	2.387960e+01	2.089623e+01	1.880734e+01	1.724040e+01	1.600919e+01	2.302685e+01	2.072286e+01	1.899465e+01	2.085750e+01
15200	2.725249e+01	2.270854e+01	1.986753e+01	1.787851e+01	1.638641e+01	1.521396e+01	1.426145e+01	2.380121e+01	2.082772e+01	1.874569e+01	1.718386e+01	1.595664e+01	2.295114e+01	2.065470e+01	1.893215e+01	2.078909e+01
15300	2.716314e+01	2.263413e+01	1.980245e+01	1.781994e+01	1.633273e+01	1.516411e+01	1.421472e+01	2.372358e+01	2.075986e+01	1.868463e+01	1.712787e+01	1.590460e+01	2.287616e+01	2.058721e+01	1.887025e+01	2.072133e+01
15400	2.707471e+01	2.256048e+01	1.973802e+01	1.776194e+01	1.627956e+01	1.511474e+01	1.416843e+01	2.364668e+01	2.069264e+01	1.862415e+01	1.707241e+01	1.585307e+01	2.280190e+01	2.052036e+01	1.880893e+01	2.065419e+01
15500	2.698721e+01	2.248757e+01	1.967423e+01	1.770452e+01	1.622691e+01	1.506584e+01	1.412259e+01	2.357051e+01	2.062605e+01	1.856423e+01	1.701746e+01	1.580201e+01	2.272836e+01	2.045414e+01	1.874819e+01	2.058767e+01
15600	2.690062e+01	2.241541e+01	1.961107e+01	1.764765e+01	1.617476e+01	1.501741e+01	1.407718e+01	2.349506e+01	2.056007e+01	1.850486e+01	1.696303e+01	1.575143e+01	2.265552e+01	2.038854e+01	1.868802e+01	2.052175e+01
15700	2.681489e+01	2.234395e+01	1.954852e+01	1.759133e+01	1.612311e+01	1.496944e+01	1.403220e+01	2.342028e+01	2.049468e+01	1.844603e+01	1.690909e+01	1.570133e+01	2.258336e+01	2.032356e+01	1.862841e+01	2.045642e+01
15800	2.673001e+01	2.227318e+01	1.948657e+01	1.753554e+01	1.607196e+01	1.492193e+01	1.398765e+01	2.334617e+01	2.042987e+01	1.838772e+01	1.685565e+01	1.565168e+01	2.251188e+01	2.025919e+01	1.856935e+01	2.039168e+01
15900	2.664594e+01	2.220309e+01	1.942522e+01	1.748029e+01	1.602129e+01	1.487487e+01	1.394352e+01	2.327270e+01	2.036564e+01	1.832994e+01	1.680268e+01	1.560249e+01	2.244106e+01	2.019541e+01	1.851084e+01	2.032752e+01
16000	2.656267e+01	2.213367e+01	1.936445e+01	1.742557e+01	1.597110e+01	1.482825e+01	1.389982e+01	2.319988e+01	2.030197e+01	1.827267e+01	1.675020e+01	1.555374e+01	2.237089e+01	2.013222e+01	1.845287e+01	2.026393e+01
16100	2.648020e+01	2.206490e+01	1.930425e+01	1.737136e+01	1.592139e+01	1.478207e+01	1.385652e+01	2.312770e+01	2.023886e+01	1.821591e+01	1.669818e+01	1.550544e+01	2.230136e+01	2.006961e+01	1.839544e+01	2.020091e+01
16200	2.639850e+01	2.199678e+01	1.924462e+01	1.731766e+01	1.587214e+01	1.473633e+01	1.381362e+01	2.305614e+01	2.017629e+01	1.815963e+01	1.664661e+01	1.545756e+01	2.223247e+01	2.000758e+01	1.833853e+01	2.013845e+01
16300	2.631758e+01	2.192931e+01	1.918555e+01	1.726447e+01	1.582335e+01	1.469101e+01	1.377112e+01	2.298522e+01	2.011428e+01	1.810385e+01	1.659550e+01	1.541010e+01	2.216420e+01	1.994611e+01	1.828214e+01	2.007654e+01
16400	2.623741e+01	2.186246e+01	1.912704e+01	1.721176e+01	1.577501e+01	1.464610e+01	1.372901e+01	2.291491e+01	2.005280e+01	1.804855e+01	1.654482e+01	1.536305e+01	2.209655e+01	1.988520e+01	1.822627e+01	2.001517e+01
16500	2.615798e+01	2.179623e+01	1.906906e+01	1.715955e+01	1.572711e+01	1.460161e+01	1.368729e+01	2.284522e+01	1.999185e+01	1.799372e+01	1.649459e+01	1.531642e+01	2.202951e+01	1.982484e+01	1.817091e+01	1.995436e+01
16600	2.607928e+01	2.173061e+01	1.901160e+01	1.710780e+01	1.567965e+01	1.455752e+01	1.364595e+01	2.277613e+01	1.993143e+01	1.793937e+01	1.644478e+01	1.527019e+01	2.196307e+01	1.976502e+01	1.811604e+01	1.989408e+01
16700	2.600127e+01	2.166555e+01	1.895464e+01	1.705649e+01	1.563258e+01	1.451380e+01	1.360497e+01	2.270763e+01	1.987150e+01	1.788545e+01	1.639538e+01	1.522434e+01	2.189719e+01	1.970570e+01	1.806165e+01	1.983430e+01
16800	2.592395e+01	2.160106e+01	1.889817e+01	1.700562e+01	1.558592e+01	1.447046e+01	1.356434e+01	2.263971e+01	1.981206e+01	1.783197e+01	1.634638e+01	1.517887e+01	2.183186e+01	1.964688e+01	1.800772e+01	1.977503e+01
16900	2.584730e+01	2.153712e+01	1.884217e+01	1.695517e+01	1.553964e+01	1.442749e+01	1.352407e+01	2.257237e+01	1.975313e+01	1.777893e+01	1.629779e+01	1.513379e+01	2.176709e+01	1.958857e+01	1.795426e+01	1.971626e+01
17000	2.577131e+01	2.147372e+01	1.878663e+01	1.690514e+01	1.549376e+01	1.438489e+01	1.348415e+01	2.250559e+01	1.969467e+01	1.772633e+01	1.624960e+01	1.508909e+01	2.170286e+01	1.953075e+01	1.790126e+01	1.965800e+01
17100	2.569594e+01	2.141084e+01	1.873155e+01	1.685552e+01	1.544827e+01	1.434266e+01	1.344458e+01	2.243937e+01	1.963671e+01	1.767416e+01	1.620182e+01	1.504476e+01	2.163916e+01	1.947342e+01	1.784871e+01	1.960023e+01
17200	2.562121e+01	2.134847e+01	1.867692e+01	1.680632e+01	1.540315e+01	1.430078e+01	1.340534e+01	2.237373e+01	1.957923e+01	1.762244e+01	1.615443e+01	1.500081e+01	2.157599e+01	1.941656e+01	1.779662e+01	1.954297e+01
17300	2.554709e+01	2.128661e+01	1.862273e+01	1.675751e+01	1.535841e+01	1.425925e+01	1.336644e+01	2.230865e+01	1.952225e+01	1.757115e+01	1.610745e+01	1.495723e+01	2.151334e+01	1.936019e+01	1.774497e+01	1.948619e+01
17400	2.547358e+01	2.122525e+01	1.856899e+01	1.670911e+01	1.531403e+01	1.421806e+01	1.332785e+01	2.224415e+01	1.946576e+01	1.752030e+01	1.606086e+01	1.491402e+01	2.145122e+01	1.930429e+01	1.769375e+01	1.942991e+01
17500	2.540068e+01	2.116440e+01	1.851568e+01	1.666110e+01	1.527003e+01	1.417722e+01	1.328960e+01	2.218021e+01	1.940975e+01	1.746989e+01	1.601467e+01	1.487117e+01	2.138960e+01	1.924885e+01	1.764297e+01	1.937411e+01
17600	2.532837e+01	2.110404e+01	1.846281e+01	1.661350e+01	1.522639e+01	1.413672e+01	1.325166e+01	2.211682e+01	1.935422e+01	1.741990e+01	1.596887e+01	1.482869e+01	2.132849e+01	1.919387e+01	1.759262e+01	1.931879e+01
17700	2.525664e+01	2.104417e+01	1.841038e+01	1.656629e+01	1.518312e+01	1.409657e+01	1.321405e+01	2.205397e+01	1.929917e+01	1.737034e+01	1.592347e+01	1.478657e+01	2.126788e+01	1.913935e+01	1.754269e+01	1.926394e+01
17800	2.518547e+01	2.098478e+01	1.835838e+01	1.651948e+01	1.514022e+01	1.405676e+01	1.317675e+01	2.199167e+01	1.924460e+01	1.732122e+01	1.587847e+01	1.474482e+01	2.120778e+01	1.908529e+01	1.749320e+01	1.920956e+01
17900	2.511487e+01	2.092588e+01	1.830681e+01	1.647306e+01	1.509769e+01	1.401729e+01	1.313978e+01	2.192992e+01	1.919050e+01	1.727253e+01	1.583386e+01	1.470343e+01	2.114817e+01	1.903170e+01	1.744413e+01	1.915567e+01
18000	2.504483e+01	2.086746e+01	1.825567e+01	1.642705e+01	1.505552e+01	1.397815e+01	1.310312e+01	2.186871e+01	1.913689e+01	1.722428e+01	1.578965e+01	1.466242e+01	2.108908e+01	1.897856e+01	1.739548e+01	1.910224e+01
18100	2.497536e+01	2.080953e+01	1.820497e+01	1.638142e+01	1.501372e+01	1.393936e+01	1.306677e+01	2.180804e+01	1.908376e+01	1.717646e+01	1.574584e+01	1.462176e+01	2.103048e+01	1.892588e+01	1.734725e+01	1.904930e+01
18200	2.490645e+01	2.075207e+01	1.815471e+01	1.633620e+01	1.497228e+01	1.390089e+01	1.303072e+01	2.174792e+01	1.903112e+01	1.712908e+01	1.570242e+01	1.458147e+01	2.097240e+01	1.887365e+01	1.729944e+01	1.899682e+01
18300	2.483811e+01	2.069511e+01	1.810487e+01	1.629136e+01	1.493120e+01	1.386276e+01	1.299498e+01	2.168834e+01	1.897896e+01	1.708215e+01	1.565941e+01	1.454153e+01	2.091481e+01	1.882188e+01	1.725205e+01	1.894482e+01
18400	2.477033e+01	2.063862e+01	1.805547e+01	1.624692e+01	1.489047e+01	1.382495e+01	1.295954e+01	2.162932e+01	1.892729e+01	1.703565e+01	1.561679e+01	1.450196e+01	2.085773e+01	1.877056e+01	1.720506e+01	1.889328e+01
18500	2.470310e+01	2.058261e+01	1.800648e+01	1.620285e+01	1.485009e+01	1.378746e+01	1.292439e+01	2.157082e+01	1.887608e+01	1.698956e+01	1.557455e+01	1.446273e+01	2.080113e+01	1.871967e+01	1.715845e+01	1.884218e+01
18600	2.463642e+01	2.052707e+01	1.795791e+01	1.615916e+01	1.481005e+01	1.375028e+01	1.288953e+01	2.151285e+01	1.882535e+01	1.694389e+01	1.553267e+01	1.442383e+01	2.074502e+01	1.866921e+01	1.711223e+01	1.879153e+01
18700	2.457029e+01	2.047198e+01	1.790974e+01	1.611582e+01	1.477033e+01	1.371340e+01	1.285495e+01	2.145540e+01	1.877505e+01	1.689861e+01	1.549115e+01	1.438525e+01	2.068938e+01	1.861915e+01	1.706637e+01	1.874129e+01
18800	2.450470e+01	2.041735e+01	1.786196e+01	1.607283e+01	1.473093e+01	1.367681e+01	1.282064e+01	2.139846e+01	1.872520e+01	1.685372e+01	1.544997e+01	1.434698e+01	2.063419e+01	1.856950e+01	1.702087e+01	1.869146e+01
18900	2.443965e+01	2.036318e+01	1.781458e+01	1.603020e+01	1.469185e+01	1.364052e+01	1.278661e+01	2.134203e+01	1.867578e+01	1.680920e+01	1.540913e+01	1.430903e+01	2.057947e+01	1.852024e+01	1.697573e+01	1.864203e+01
19000	2.437514e+01	2.030946e+01	1.776759e+01	1.598791e+01	1.465308e+01	1.360451e+01	1.275284e+01	2.128609e+01	1.862679e+01	1.676507e+01	1.536862e+01	1.427137e+01	2.052520e+01	1.847138e+01	1.693093e+01	1.859300e+01
19100	2.431114e+01	2.025616e+01	1.772097e+01	1.594595e+01	1.461462e+01	1.356879e+01	1.271934e+01	2.123062e+01	1.857821e+01	1.672129e+01	1.532844e+01	1.423403e+01	2.047137e+01	1.842291e+01	1.688648e+01	1.854436e+01
19200	2.424765e+01	2.020329e+01	1.767472e+01	1.590433e+01	1.457646e+01	1.353335e+01	1.268611e+01	2.117560e+01	1.853002e+01	1.667787e+01	1.528859e+01	1.419698e+01	2.041797e+01	1.837481e+01	1.684238e+01	1.849611e+01
19300	2.418466e+01	2.015084e+01	1.762884e+01	1.586304e+01	1.453861e+01	1.349819e+01	1.265314e+01	2.112103e+01	1.848222e+01	1.663479e+01	1.524905e+01	1.416022e+01	2.036500e+01	1.832710e+01	1.679861e+01	1.844823e+01
19400	2.412217e+01	2.009879e+01	1.758331e+01	1.582207e+01	1.450105e+01	1.346330e+01	1.262043e+01	2.106689e+01	1.843481e+01	1.659206e+01	1.520982e+01	1.412374e+01	2.031246e+01	1.827976e+01	1.675518e+01	1.840072e+01
19500	2.406018e+01	2.004716e+01	1.753815e+01	1.578142e+01	1.446378e+01	1.342869e+01	1.258796e+01	2.101318e+01	1.838776e+01	1.654966e+01	1.517089e+01	1.408755e+01	2.026033e+01	1.823279e+01	1.671209e+01	1.835358e+01
19600	2.399867e+01	1.999592e+01	1.749332e+01	1.574108e+01	1.442680e+01	1.339434e+01	1.255575e+01	2.095988e+01	1.834108e+01	1.650758e+01	1.513226e+01	1.405163e+01	2.020861e+01	1.818618e+01	1.666931e+01	1.830680e+01
19700	2.393764e+01	1.994507e+01	1.744883e+01	1.570104e+01	1.439009e+01	1.336025e+01	1.252379e+01	2.090698e+01	1.829475e+01	1.646583e+01	1.509393e+01	1.401599e+01	2.015728e+01	1.813992e+01	1.662687e+01	1.826037e+01
19800	2.387707e+01	1.989458e+01	1.740467e+01	1.566130e+01	1.435367e+01	1.332643e+01	1.249207e+01	2.085447e+01	1.824877e+01	1.642439e+01	1.505589e+01	1.398062e+01	2.010635e+01	1.809402e+01	1.658474e+01	1.821429e+01
19900	2.381695e+01	1.984447e+01	1.736083e+01	1.562185e+01	1.431752e+01	1.329286e+01	1.246060e+01	2.080235e+01	1.820313e+01	1.638326e+01	1.501814e+01	1.394552e+01	2.005579e+01	1.804846e+01	1.654293e+01	1.816856e+01
20000	2.375727e+01	1.979472e+01	1.731731e+01	1.558270e+01	1.428164e+01	1.325956e+01	1.242938e+01	2.075061e+01	1.815783e+01	1.634244e+01	1.498067e+01	1.391068e+01	2.000562e+01	1.800325e+01	1.650144e+01	1.812318e+01
20100	2.369803e+01	1.974533e+01	1.727411e+01	1.554384e+01	1.424604e+01	1.322650e+01	1.239840e+01	2.069924e+01	1.811285e+01	1.630192e+01	1.494348e+01	1.387611e+01	1.995582e+01	1.795838e+01	1.646026e+01	1.807814e+01
20200	2.363922e+01	1.969631e+01	1.723122e+01	1.550527e+01	1.421070e+01	1.319371e+01	1.236765e+01	2.064824e+01	1.806821e+01	1.626170e+01	1.490656e+01	1.384180e+01	1.990640e+01	1.791385e+01	1.641940e+01	1.803344e+01
20300	2.358084e+01	1.964764e+01	1.718865e+01	1.546699e+01	1.417563e+01	1.316115e+01	1.233714e+01	2.059760e+01	1.802388e+01	1.622177e+01	1.486992e+01	1.380774e+01	1.985735e+01	1.786966e+01	1.637885e+01	1.798907e+01
20400	2.352289e+01	1.959932e+01	1.714639e+01	1.542898e+01	1.414082e+01	1.312884e+01	1.230686e+01	2.054731e+01	1.797987e+01	1.618213e+01	1.483354e+01	1.377393e+01	1.980867e+01	1.782580e+01	1.633861e+01	1.794503e+01
20500	2.346537e+01	1.955136e+01	1.710444e+01	1.539126e+01	1.410626e+01	1.309677e+01	1.227680e+01	2.049738e+01	1.793616e+01	1.614276e+01	1.479743e+01	1.374036e+01	1.976035e+01	1.778227e+01	1.629867e+01	1.790132e+01
20600	2.340827e+01	1.950375e+01	1.706280e+01	1.535381e+01	1.407196e+01	1.306494e+01	1.224697e+01	2.044779e+01	1.789276e+01	1.610368e+01	1.476157e+01	1.370704e+01	1.971239e+01	1.773908e+01	1.625904e+01	1.785794e+01
20700	2.335159e+01	1.945648e+01	1.702146e+01	1.531663e+01	1.403791e+01	1.303333e+01	1.221735e+01	2.039854e+01	1.784965e+01	1.606486e+01	1.472597e+01	1.367396e+01	1.966478e+01	1.769621e+01	1.621971e+01	1.781487e+01
20800	2.329533e+01	1.940955e+01	1.698041e+01	1.527971e+01	1.400409e+01	1.300196e+01	1.218794e+01	2.034961e+01	1.780683e+01	1.602630e+01	1.469060e+01	1.364110e+01	1.961751e+01	1.765365e+01	1.618067e+01	1.777212e+01
20900	2.323947e+01	1.936297e+01	1.693964e+01	1.524305e+01	1.397051e+01	1.297080e+01	1.215874e+01	2.030101e+01	1.776429e+01	1.598800e+01	1.465548e+01	1.360848e+01	1.957059e+01	1.761140e+01	1.614192e+01	1.772966e+01
21000	2.318402e+01	1.931671e+01	1.689917e+01	1.520664e+01	1.393716e+01	1.293985e+01	1.212974e+01	2.025272e+01	1.772202e+01	1.594995e+01	1.462058e+01	1.357607e+01	1.952399e+01	1.756944e+01	1.610344e+01	1.768750e+01
21100	2.312897e+01	1.927078e+01	1.685897e+01	1.517047e+01	1.390403e+01	1.290911e+01	1.210094e+01	2.020474e+01	1.768003e+01	1.591214e+01	1.458592e+01	1.354388e+01	1.947771e+01	1.752778e+01	1.606524e+01	1.764563e+01
21200	2.307432e+01	1.922518e+01	1.681905e+01	1.513455e+01	1.387113e+01	1.287858e+01	1.207234e+01	2.015708e+01	1.763830e+01	1.587457e+01	1.455148e+01	1.351190e+01	1.943175e+01	1.748641e+01	1.602730e+01	1.760404e+01
21300	2.302007e+01	1.917992e+01	1.677942e+01	1.509888e+01	1.383845e+01	1.284825e+01	1.204393e+01	2.010972e+01	1.759684e+01	1.583725e+01	1.451727e+01	1.348014e+01	1.938611e+01	1.744532e+01	1.598963e+01	1.756273e+01
21400	2.296622e+01	1.913498e+01	1.674006e+01	1.506346e+01	1.380599e+01	1.281814e+01	1.201571e+01	2.006266e+01	1.755565e+01	1.580016e+01	1.448328e+01	1.344859e+01	1.934079e+01	1.740452e+01	1.595222e+01	1.752171e+01
21500	2.291275e+01	1.909036e+01	1.670098e+01	1.502827e+01	1.377375e+01	1.278822e+01	1.198769e+01	2.001592e+01	1.751472e+01	1.576332e+01	1.444952e+01	1.341725e+01	1.929578e+01	1.736401e+01	1.591508e+01	1.748096e+01
21600	2.285968e+01	1.904606e+01	1.666217e+01	1.499333e+01	1.374173e+01	1.275851e+01	1.195985e+01	1.996947e+01	1.747406e+01	1.572672e+01	1.441598e+01	1.338612e+01	1.925108e+01	1.732377e+01	1.587820e+01	1.744049e+01
21700	2.280699e+01	1.900208e+01	1.662364e+01	1.495863e+01	1.370992e+01	1.272899e+01	1.193219e+01	1.992334e+01	1.743366e+01	1.569036e+01	1.438266e+01	1.335519e+01	1.920668e+01	1.728381e+01	1.584157e+01	1.740029e+01
21800	2.275468e+01	1.895842e+01	1.658538e+01	1.492417e+01	1.367833e+01	1.269966e+01	1.190472e+01	1.987751e+01	1.739353e+01	1.565424e+01	1.434956e+01	1.332447e+01	1.916259e+01	1.724413e+01	1.580520e+01	1.736037e+01
21900	2.270275e+01	1.891507e+01	1.654739e+01	1.488995e+01	1.364695e+01	1.267053e+01	1.187742e+01	1.983198e+01	1.735366e+01	1.561835e+01	1.431667e+01	1.329395e+01	1.911880e+01	1.720471e+01	1.576907e+01	1.732071e+01
22000	2.265118e+01	1.887203e+01	1.650966e+01	1.485595e+01	1.361578e+01	1.264159e+01	1.185030e+01	1.978674e+01	1.731405e+01	1.558270e+01	1.428400e+01	1.326363e+01	1.907530e+01	1.716556e+01	1.573318e+01	1.728130e+01
22100	2.259997e+01	1.882928e+01	1.647219e+01	1.482218e+01	1.358481e+01	1.261285e+01	1.182336e+01	1.974180e+01	1.727469e+01	1.554727e+01	1.425154e+01	1.323351e+01	1.903209e+01	1.712666e+01	1.569754e+01	1.724216e+01
22200	2.254911e+01	1.878681e+01	1.643496e+01	1.478864e+01	1.355405e+01	1.258429e+01	1.179660e+01	1.969714e+01	1.723557e+01	1.551207e+01	1.421930e+01	1.320359e+01	1.898915e+01	1.708802e+01	1.566213e+01	1.720326e+01
22300	2.249857e+01	1.874462e+01	1.639798e+01	1.475531e+01	1.352349e+01	1.255592e+01	1.177001e+01	1.965276e+01	1.719670e+01	1.547709e+01	1.418726e+01	1.317386e+01	1.894650e+01	1.704964e+01	1.562696e+01	1.716462e+01
22400	2.244837e+01	1.870272e+01	1.636124e+01	1.472221e+01	1.349314e+01	1.252774e+01	1.174360e+01	1.960866e+01	1.715809e+01	1.544235e+01	1.415544e+01	1.314434e+01	1.890412e+01	1.701151e+01	1.559202e+01	1.712623e+01
22500	2.239849e+01	1.866108e+01	1.632475e+01	1.468934e+01	1.346299e+01	1.249974e+01	1.171737e+01	1.956484e+01	1.711972e+01	1.540783e+01	1.412383e+01	1.311502e+01	1.886201e+01	1.697362e+01	1.555732e+01	1.708808e+01
22600	2.234893e+01	1.861973e+01	1.628851e+01	1.465668e+01	1.343305e+01	1.247194e+01	1.169131e+01	1.952131e+01	1.708161e+01	1.537355e+01	1.409243e+01	1.308590e+01	1.882018e+01	1.693599e+01	1.552285e+01	1.705019e+01
22700	2.229969e+01	1.857864e+01	1.625251e+01	1.462425e+01	1.340331e+01	1.244433e+01	1.166543e+01	1.947806e+01	1.704374e+01	1.533949e+01	1.406125e+01	1.305697e+01	1.877862e+01	1.689861e+01	1.548861e+01	1.701254e+01
22800	2.225077e+01	1.853783e+01	1.621675e+01	1.459203e+01	1.337377e+01	1.241690e+01	1.163972e+01	1.943509e+01	1.700613e+01	1.530566e+01	1.403028e+01	1.302824e+01	1.873733e+01	1.686146e+01	1.545459e+01	1.697514e+01
22900	2.220216e+01	1.849729e+01	1.618123e+01	1.456004e+01	1.334443e+01	1.238966e+01	1.161418e+01	1.939241e+01	1.696878e+01	1.527207e+01	1.399952e+01	1.299971e+01	1.869631e+01	1.682456e+01	1.542080e+01	1.693798e+01
23000	2.215387e+01	1.845701e+01	1.614595e+01	1.452827e+01	1.331530e+01	1.236260e+01	1.158881e+01	1.935001e+01	1.693168e+01	1.523870e+01	1.396897e+01	1.297137e+01	1.865555e+01	1.678791e+01	1.538723e+01	1.690106e+01
23100	2.210588e+01	1.841701e+01	1.611092e+01	1.449671e+01	1.328636e+01	1.233573e+01	1.156362e+01	1.930790e+01	1.689483e+01	1.520557e+01	1.393863e+01	1.294323e+01	1.861506e+01	1.675149e+01	1.535387e+01	1.686438e+01
23200	2.205820e+01	1.837726e+01	1.607612e+01	1.446537e+01	1.325763e+01	1.230904e+01	1.153860e+01	1.926608e+01	1.685824e+01	1.517267e+01	1.390850e+01	1.291527e+01	1.857483e+01	1.671530e+01	1.532073e+01	1.682794e+01
23300	2.201083e+01	1.833778e+01	1.604155e+01	1.443425e+01	1.322909e+01	1.228254e+01	1.151375e+01	1.922454e+01	1.682190e+01	1.513999e+01	1.387858e+01	1.288751e+01	1.853486e+01	1.667934e+01	1.528780e+01	1.679174e+01
23400	2.196375e+01	1.829855e+01	1.600721e+01	1.440333e+01	1.320074e+01	1.225621e+01	1.148906e+01	1.918329e+01	1.678581e+01	1.510753e+01	1.384886e+01	1.285993e+01	1.849514e+01	1.664361e+01	1.525507e+01	1.675576e+01
23500	2.191697e+01	1.825958e+01	1.597310e+01	1.437261e+01	1.317258e+01	1.223005e+01	1.146453e+01	1.914232e+01	1.674997e+01	1.507530e+01	1.381934e+01	1.283253e+01	1.845567e+01	1.660810e+01	1.522255e+01	1.672001e+01
23600	2.187048e+01	1.822085e+01	1.593920e+01	1.434210e+01	1.314459e+01	1.220407e+01	1.144017e+01	1.910162e+01	1.671436e+01	1.504327e+01	1.379000e+01	1.280531e+01	1.841644e+01	1.657281e+01	1.519021e+01	1.668447e+01
23700	2.182427e+01	1.818235e+01	1.590551e+01	1.431177e+01	1.311679e+01	1.217825e+01	1.141596e+01	1.906119e+01	1.667899e+01	1.501146e+01	1.376085e+01	1.277826e+01	1.837745e+01	1.653772e+01	1.515807e+01	1.664915e+01
23800	2.177834e+01	1.814410e+01	1.587203e+01	1.428163e+01	1.308916e+01	1.215259e+01	1.139191e+01	1.902103e+01	1.664385e+01	1.497984e+01	1.373189e+01	1.275138e+01	1.833869e+01	1.650284e+01	1.512611e+01	1.661405e+01
23900	2.173270e+01	1.810608e+01	1.583876e+01	1.425168e+01	1.306171e+01	1.212711e+01	1.136802e+01	1.898114e+01	1.660894e+01	1.494843e+01	1.370312e+01	1.272468e+01	1.830017e+01	1.646817e+01	1.509435e+01	1.657916e+01
24000	2.168733e+01	1.806829e+01	1.580570e+01	1.422192e+01	1.303443e+01	1.210178e+01	1.134428e+01	1.894152e+01	1.657427e+01	1.491723e+01	1.367453e+01	1.269814e+01	1.826189e+01	1.643371e+01	1.506277e+01	1.654448e+01
24100	2.164224e+01	1.803074e+01	1.577284e+01	1.419235e+01	1.300733e+01	1.207662e+01	1.132070e+01	1.890215e+01	1.653982e+01	1.488623e+01	1.364612e+01	1.267178e+01	1.822383e+01	1.639945e+01	1.503138e+01	1.651002e+01
24200	2.159743e+01	1.799341e+01	1.574019e+01	1.416297e+01	1.298040e+01	1.205162e+01	1.129727e+01	1.886305e+01	1.650560e+01	1.485543e+01	1.361789e+01	1.264558e+01	1.818601e+01	1.636540e+01	1.500018e+01	1.647577e+01
24300	2.155289e+01	1.795632e+01	1.570774e+01	1.413377e+01	1.295364e+01	1.202678e+01	1.127399e+01	1.882419e+01	1.647160e+01	1.482482e+01	1.358984e+01	1.261955e+01	1.814841e+01	1.633155e+01	1.496917e+01	1.644173e+01
24400	2.150862e+01	1.791946e+01	1.567549e+01	1.410474e+01	1.292705e+01	1.200210e+01	1.125085e+01	1.878559e+01	1.643782e+01	1.479441e+01	1.356197e+01	1.259368e+01	1.811105e+01	1.629791e+01	1.493833e+01	1.640789e+01
24500	2.146463e+01	1.788282e+01	1.564344e+01	1.407590e+01	1.290061e+01	1.197756e+01	1.122786e+01	1.874725e+01	1.640426e+01	1.476420e+01	1.353427e+01	1.256796e+01	1.807391e+01	1.626447e+01	1.490768e+01	1.637427e+01
24600	2.142091e+01	1.784641e+01	1.561159e+01	1.404724e+01	1.287435e+01	1.195318e+01	1.120500e+01	1.870915e+01	1.637092e+01	1.473417e+01	1.350674e+01	1.254240e+01	1.803700e+01	1.623123e+01	1.487721e+01	1.634085e+01
24700	2.137745e+01	1.781022e+01	1.557993e+01	1.401875e+01	1.284824e+01	1.192894e+01	1.118229e+01	1.867130e+01	1.633779e+01	1.470434e+01	1.347938e+01	1.251700e+01	1.800032e+01	1.619820e+01	1.484692e+01	1.630764e+01
24800	2.133426e+01	1.777425e+01	1.554846e+01	1.399044e+01	1.282229e+01	1.190485e+01	1.115971e+01	1.863368e+01	1.630487e+01	1.467469e+01	1.345219e+01	1.249175e+01	1.796385e+01	1.616536e+01	1.481681e+01	1.627463e+01
24900	2.129133e+01	1.773849e+01	1.551719e+01	1.396229e+01	1.279649e+01	1.188090e+01	1.113726e+01	1.859629e+01	1.627215e+01	1.464522e+01	1.342516e+01	1.246665e+01	1.792761e+01	1.613271e+01	1.478688e+01	1.624182e+01
25000	2.124865e+01	1.770294e+01	1.548609e+01	1.393432e+01	1.277086e+01	1.185710e+01	1.111496e+01	1.855913e+01	1.623963e+01	1.461594e+01	1.339830e+01	1.244170e+01	1.789158e+01	1.610026e+01	1.475712e+01	1.620921e+01
25100	2.120622e+01	1.766760e+01	1.545519e+01	1.390651e+01	1.274537e+01	1.183345e+01	1.109278e+01	1.852220e+01	1.620731e+01	1.458683e+01	1.337160e+01	1.241690e+01	1.785576e+01	1.606801e+01	1.472755e+01	1.617680e+01
25200	2.116402e+01	1.763246e+01	1.542446e+01	1.387887e+01	1.272004e+01	1.180993e+01	1.107074e+01	1.848548e+01	1.617519e+01	1.455791e+01	1.334506e+01	1.239224e+01	1.782016e+01	1.603595e+01	1.469815e+01	1.614459e+01
25300	2.112207e+01	1.759753e+01	1.539392e+01	1.385140e+01	1.269487e+01	1.178656e+01	1.104883e+01	1.844898e+01	1.614327e+01	1.452915e+01	1.331868e+01	1.236774e+01	1.778478e+01	1.600409e+01	1.466893e+01	1.611258e+01
25400	2.108035e+01	1.756280e+01	1.536356e+01	1.382409e+01	1.266984e+01	1.176332e+01	1.102706e+01	1.841269e+01	1.611153e+01	1.450058e+01	1.329247e+01	1.234338e+01	1.774961e+01	1.597243e+01	1.463989e+01	1.608077e+01
25500	2.103888e+01	1.752827e+01	1.533338e+01	1.379694e+01	1.264496e+01	1.174023e+01	1.100541e+01	1.837661e+01	1.607999e+01	1.447217e+01	1.326640e+01	1.231917e+01	1.771465e+01	1.594096e+01	1.461103e+01	1.604916e+01
25600	2.099763e+01	1.749395e+01	1.530338e+01	1.376996e+01	1.262023e+01	1.171727e+01	1.098389e+01	1.834075e+01	1.604864e+01	1.444394e+01	1.324050e+01	1.229509e+01	1.767991e+01	1.590969e+01	1.458235e+01	1.601774e+01
25700	2.095663e+01	1.745982e+01	1.527355e+01	1.374313e+01	1.259565e+01	1.169444e+01	1.096249e+01	1.830510e+01	1.601747e+01	1.441588e+01	1.321475e+01	1.227116e+01	1.764538e+01	1.587861e+01	1.455384e+01	1.598653e+01
25800	2.091586e+01	1.742589e+01	1.524390e+01	1.371646e+01	1.257121e+01	1.167175e+01	1.094121e+01	1.826966e+01	1.598649e+01	1.438799e+01	1.318915e+01	1.224737e+01	1.761107e+01	1.584772e+01	1.452551e+01	1.595551e+01
25900	2.087532e+01	1.739215e+01	1.521442e+01	1.368995e+01	1.254692e+01	1.164919e+01	1.092006e+01	1.823442e+01	1.595570e+01	1.436026e+01	1.316371e+01	1.222372e+01	1.757697e+01	1.581704e+01	1.449737e+01	1.592469e+01
26000	2.083502e+01	1.735862e+01	1.518512e+01	1.366360e+01	1.252276e+01	1.162676e+01	1.089903e+01	1.819939e+01	1.592509e+01	1.433270e+01	1.313842e+01	1.220021e+01	1.754309e+01	1.578655e+01	1.446940e+01	1.589408e+01
26100	2.079494e+01	1.732527e+01	1.515599e+01	1.363740e+01	1.249875e+01	1.160446e+01	1.087812e+01	1.816457e+01	1.589466e+01	1.430531e+01	1.311327e+01	1.217683e+01	1.750941e+01	1.575625e+01	1.444161e+01	1.586365e+01
26200	2.075509e+01	1.729212e+01	1.512702e+01	1.361135e+01	1.247487e+01	1.158229e+01	1.085733e+01	1.812994e+01	1.586440e+01	1.427806e+01	1.308827e+01	1.215359e+01	1.747594e+01	1.572613e+01	1.441399e+01	1.583341e+01
26300	2.071547e+01	1.725916e+01	1.509822e+01	1.358545e+01	1.245113e+01	1.156024e+01	1.083665e+01	1.809551e+01	1.583431e+01	1.425098e+01	1.306341e+01	1.213048e+01	1.744268e+01	1.569621e+01	1.438654e+01	1.580336e+01
26400	2.067607e+01	1.722638e+01	1.506958e+01	1.355969e+01	1.242752e+01	1.153831e+01	1.081608e+01	1.806127e+01	1.580440e+01	1.422405e+01	1.303870e+01	1.210750e+01	1.740962e+01	1.566647e+01	1.435926e+01	1.577350e+01
26500	2.063690e+01	1.719379e+01	1.504110e+01	1.353407e+01	1.240403e+01	1.151649e+01	1.079562e+01	1.802722e+01	1.577465e+01	1.419727e+01	1.301411e+01	1.208464e+01	1.737675e+01	1.563690e+01	1.433214e+01	1.574380e+01
26600	2.059794e+01	1.716138e+01	1.501277e+01	1.350858e+01	1.238067e+01	1.149479e+01	1.077528e+01	1.799336e+01	1.574506e+01	1.417063e+01	1.298966e+01	1.206191e+01	1.734408e+01	1.560750e+01	1.430517e+01	1.571429e+01
26700	2.055920e+01	1.712914e+01	1.498459e+01	1.348323e+01	1.235743e+01	1.147321e+01	1.075504e+01	1.795969e+01	1.571563e+01	1.414413e+01	1.296535e+01	1.203930e+01	1.731160e+01	1.557828e+01	1.427837e+01	1.568494e+01
26800	2.052068e+01	1.709709e+01	1.495657e+01	1.345802e+01	1.233431e+01	1.145173e+01	1.073490e+01	1.792620e+01	1.568636e+01	1.411778e+01	1.294116e+01	1.201681e+01	1.727930e+01	1.554923e+01	1.425172e+01	1.565577e+01
26900	2.048239e+01	1.706521e+01	1.492870e+01	1.343294e+01	1.231132e+01	1.143038e+01	1.071488e+01	1.789289e+01	1.565725e+01	1.409156e+01	1.291711e+01	1.199445e+01	1.724719e+01	1.552034e+01	1.422522e+01	1.562676e+01
27000	2.044430e+01	1.703351e+01	1.490098e+01	1.340799e+01	1.228845e+01	1.140914e+01	1.069496e+01	1.785977e+01	1.562829e+01	1.406549e+01	1.289318e+01	1.197221e+01	1.721527e+01	1.549162e+01	1.419889e+01	1.559792e+01
27100	2.040642e+01	1.700197e+01	1.487341e+01	1.338318e+01	1.226570e+01	1.138801e+01	1.067515e+01	1.782682e+01	1.559948e+01	1.403956e+01	1.286939e+01	1.195009e+01	1.718353e+01	1.546307e+01	1.417270e+01	1.556924e+01
27200	2.036874e+01	1.697060e+01	1.484597e+01	1.335849e+01	1.224307e+01	1.136699e+01	1.065545e+01	1.779405e+01	1.557083e+01	1.401376e+01	1.284572e+01	1.192809e+01	1.715196e+01	1.543468e+01	1.414666e+01	1.554073e+01
27300	2.033126e+01	1.693940e+01	1.481868e+01	1.333393e+01	1.222055e+01	1.134608e+01	1.063585e+01	1.776145e+01	1.554233e+01	1.398810e+01	1.282218e+01	1.190621e+01	1.712057e+01	1.540644e+01	1.412077e+01	1.551238e+01
27400	2.029400e+01	1.690836e+01	1.479153e+01	1.330950e+01	1.219816e+01	1.132529e+01	1.061635e+01	1.772903e+01	1.551397e+01	1.396258e+01	1.279877e+01	1.188445e+01	1.708935e+01	1.537836e+01	1.409503e+01	1.548418e+01
27500	2.025693e+01	1.687748e+01	1.476453e+01	1.328520e+01	1.217588e+01	1.130460e+01	1.059696e+01	1.769679e+01	1.548577e+01	1.393719e+01	1.277548e+01	1.186281e+01	1.705830e+01	1.535044e+01	1.406943e+01	1.545613e+01
27600	2.022007e+01	1.684677e+01	1.473766e+01	1.326103e+01	1.215372e+01	1.128402e+01	1.057767e+01	1.766472e+01	1.545770e+01	1.391192e+01	1.275231e+01	1.184128e+01	1.702743e+01	1.532266e+01	1.404397e+01	1.542824e+01
27700	2.018341e+01	1.681622e+01	1.471094e+01	1.323698e+01	1.213168e+01	1.126355e+01	1.055848e+01	1.763282e+01	1.542979e+01	1.388680e+01	1.272926e+01	1.181988e+01	1.699672e+01	1.529504e+01	1.401865e+01	1.540050e+01
27800	2.014696e+01	1.678583e+01	1.468435e+01	1.321305e+01	1.210975e+01	1.124319e+01	1.053940e+01	1.760109e+01	1.540202e+01	1.386180e+01	1.270634e+01	1.179858e+01	1.696617e+01	1.526757e+01	1.399347e+01	1.537290e+01
27900	2.011070e+01	1.675560e+01	1.465790e+01	1.318925e+01	1.208794e+01	1.122294e+01	1.052042e+01	1.756953e+01	1.537440e+01	1.383693e+01	1.268354e+01	1.177741e+01	1.693579e+01	1.524024e+01	1.396842e+01	1.534546e+01
28000	2.007463e+01	1.672553e+01	1.463158e+01	1.316557e+01	1.206624e+01	1.120280e+01	1.050154e+01	1.753814e+01	1.534691e+01	1.381219e+01	1.266086e+01	1.175634e+01	1.690556e+01	1.521306e+01	1.394351e+01	1.531815e+01
28100	2.003876e+01	1.669561e+01	1.460540e+01	1.314202e+01	1.204466e+01	1.118277e+01	1.048277e+01	1.750691e+01	1.531957e+01	1.378758e+01	1.263831e+01	1.173540e+01	1.687550e+01	1.518602e+01	1.391874e+01	1.529099e+01
28200	2.000306e+01	1.666584e+01	1.457936e+01	1.311859e+01	1.202319e+01	1.116284e+01	1.046410e+01	1.747585e+01	1.529237e+01	1.376310e+01	1.261587e+01	1.171457e+01	1.684559e+01	1.515912e+01	1.389410e+01	1.526398e+01
28300	1.996756e+01	1.663623e+01	1.455345e+01	1.309529e+01	1.200184e+01	1.114303e+01	1.044553e+01	1.744495e+01	1.526531e+01	1.373875e+01	1.259356e+01	1.169385e+01	1.681583e+01	1.513237e+01	1.386959e+01	1.523710e+01
28400	1.993224e+01	1.660677e+01	1.452767e+01	1.307210e+01	1.198060e+01	1.112332e+01	1.042706e+01	1.741420e+01	1.523839e+01	1.371452e+01	1.257136e+01	1.167325e+01	1.678623e+01	1.510575e+01	1.384521e+01	1.521036e+01
28500	1.989710e+01	1.657746e+01	1.450203e+01	1.304904e+01	1.195948e+01	1.110372e+01	1.040869e+01	1.738362e+01	1.521161e+01	1.369043e+01	1.254929e+01	1.165277e+01	1.675678e+01	1.507927e+01	1.382095e+01	1.518376e+01
28600	1.986215e+01	1.654830e+01	1.447653e+01	1.302611e+01	1.193848e+01	1.108423e+01	1.039043e+01	1.735319e+01	1.518496e+01	1.366646e+01	1.252733e+01	1.163239e+01	1.672749e+01	1.505293e+01	1.379683e+01	1.515729e+01
28700	1.982738e+01	1.651930e+01	1.445116e+01	1.300330e+01	1.191759e+01	1.106484e+01	1.037227e+01	1.732293e+01	1.515846e+01	1.364261e+01	1.250550e+01	1.161213e+01	1.669834e+01	1.502672e+01	1.377283e+01	1.513096e+01
28800	1.979279e+01	1.649045e+01	1.442592e+01	1.298061e+01	1.189681e+01	1.104556e+01	1.035420e+01	1.729282e+01	1.513209e+01	1.361889e+01	1.248378e+01	1.159198e+01	1.666934e+01	1.500065e+01	1.374896e+01	1.510476e+01
28900	1.975839e+01	1.646175e+01	1.440082e+01	1.295804e+01	1.187614e+01	1.102639e+01	1.033623e+01	1.726287e+01	1.510586e+01	1.359530e+01	1.246217e+01	1.157194e+01	1.664048e+01	1.497471e+01	1.372520e+01	1.507869e+01
29000	1.972417e+01	1.643320e+01	1.437585e+01	1.293559e+01	1.185559e+01	1.100732e+01	1.031837e+01	1.723307e+01	1.507977e+01	1.357183e+01	1.244068e+01	1.155201e+01	1.661177e+01	1.494889e+01	1.370157e+01	1.505274e+01
29100	1.969014e+01	1.640481e+01	1.435102e+01	1.291327e+01	1.183515e+01	1.098836e+01	1.030059e+01	1.720343e+01	1.505381e+01	1.354848e+01	1.241931e+01	1.153219e+01	1.658321e+01	1.492321e+01	1.367805e+01	1.502693e+01
29200	1.965629e+01	1.637656e+01	1.432632e+01	1.289107e+01	1.181482e+01	1.096949e+01	1.028292e+01	1.717395e+01	1.502799e+01	1.352526e+01	1.239805e+01	1.151247e+01	1.655479e+01	1.489765e+01	1.365465e+01	1.500123e+01
29300	1.962262e+01	1.634847e+01	1.430175e+01	1.286899e+01	1.179461e+01	1.095074e+01	1.026534e+01	1.714461e+01	1.500230e+01	1.350216e+01	1.237690e+01	1.149286e+01	1.652650e+01	1.487222e+01	1.363137e+01	1.497567e+01
29400	1.958912e+01	1.632053e+01	1.427732e+01	1.284703e+01	1.177450e+01	1.093208e+01	1.024786e+01	1.711543e+01	1.497675e+01	1.347917e+01	1.235586e+01	1.147335e+01	1.649836e+01	1.484691e+01	1.360819e+01	1.495022e+01
29500	1.955581e+01	1.629274e+01	1.425301e+01	1.282518e+01	1.175450e+01	1.091353e+01	1.023047e+01	1.708640e+01	1.495132e+01	1.345631e+01	1.233493e+01	1.145394e+01	1.647035e+01	1.482172e+01	1.358513e+01	1.492489e+01
29600	1.952268e+01	1.626510e+01	1.422884e+01	1.280346e+01	1.173461e+01	1.089507e+01	1.021317e+01	1.705752e+01	1.492603e+01	1.343356e+01	1.231411e+01	1.143463e+01	1.644248e+01	1.479665e+01	1.356218e+01	1.489968e+01
29700	1.948972e+01	1.623760e+01	1.420480e+01	1.278185e+01	1.171482e+01	1.087671e+01	1.019597e+01	1.702879e+01	1.490087e+01	1.341093e+01	1.229339e+01	1.141542e+01	1.641475e+01	1.477170e+01	1.353933e+01	1.487458e+01
29800	1.945693e+01	1.621025e+01	1.418087e+01	1.276034e+01	1.169513e+01	1.085844e+01	1.017885e+01	1.700019e+01	1.487582e+01	1.338840e+01	1.227277e+01	1.139630e+01	1.638713e+01	1.474686e+01	1.351658e+01	1.484959e+01
29900	1.942432e+01	1.618304e+01	1.415707e+01	1.273894e+01	1.167554e+01	1.084026e+01	1.016181e+01	1.697174e+01	1.485090e+01	1.336599e+01	1.225225e+01	1.137727e+01	1.635965e+01	1.472213e+01	1.349393e+01	1.482471e+01
30000	1.939189e+01	1.615597e+01	1.413339e+01	1.271765e+01	1.165604e+01	1.082217e+01	1.014486e+01	1.694343e+01	1.482610e+01	1.334368e+01	1.223182e+01	1.135834e+01	1.633230e+01	1.469751e+01	1.347138e+01	1.479994e+01
30100	1.935962e+01	1.612905e+01	1.410984e+01	1.269647e+01	1.163665e+01	1.080417e+01	1.012799e+01	1.691527e+01	1.480143e+01	1.332147e+01	1.221150e+01	1.133949e+01	1.630507e+01	1.467300e+01	1.344894e+01	1.477528e+01
30200	1.932753e+01	1.610227e+01	1.408640e+01	1.267540e+01	1.161735e+01	1.078626e+01	1.011121e+01	1.688724e+01	1.477687e+01	1.329938e+01	1.219127e+01	1.132073e+01	1.627798e+01	1.464861e+01	1.342659e+01	1.475074e+01
30300	1.929560e+01	1.607562e+01	1.406309e+01	1.265443e+01	1.159814e+01	1.076844e+01	1.009451e+01	1.685935e+01	1.475243e+01	1.327739e+01	1.217113e+01	1.130207e+01	1.625100e+01	1.462432e+01	1.340435e+01	1.472630e+01
30400	1.926384e+01	1.604911e+01	1.403989e+01	1.263357e+01	1.157903e+01	1.075071e+01	1.007789e+01	1.683159e+01	1.472811e+01	1.325551e+01	1.215109e+01	1.128349e+01	1.622416e+01	1.460015e+01	1.338220e+01	1.470197e+01
30500	1.923223e+01	1.602273e+01	1.401681e+01	1.261281e+01	1.156002e+01	1.073306e+01	1.006136e+01	1.680396e+01	1.470391e+01	1.323373e+01	1.213115e+01	1.126500e+01	1.619743e+01	1.457608e+01	1.336015e+01	1.467774e+01
30600	1.920079e+01	1.599649e+01	1.399384e+01	1.259215e+01	1.154109e+01	1.071550e+01	1.004490e+01	1.677647e+01	1.467982e+01	1.321205e+01	1.211130e+01	1.124659e+01	1.617083e+01	1.455213e+01	1.333820e+01	1.465363e+01
30700	1.916950e+01	1.597038e+01	1.397099e+01	1.257159e+01	1.152226e+01	1.069803e+01	1.002852e+01	1.674910e+01	1.465585e+01	1.319048e+01	1.209154e+01	1.122827e+01	1.614435e+01	1.452828e+01	1.331635e+01	1.462962e+01
30800	1.913837e+01	1.594440e+01	1.394825e+01	1.255113e+01	1.150352e+01	1.068063e+01	1.001222e+01	1.672187e+01	1.463199e+01	1.316901e+01	1.207187e+01	1.121003e+01	1.611800e+01	1.450454e+01	1.329459e+01	1.460572e+01
30900	1.910740e+01	1.591855e+01	1.392562e+01	1.253078e+01	1.148487e+01	1.066332e+01	9.995995e+00	1.669477e+01	1.460825e+01	1.314764e+01	1.205230e+01	1.119187e+01	1.609177e+01	1.448091e+01	1.327294e+01	1.458193e+01
31000	1.907659e+01	1.589283e+01	1.390311e+01	1.251052e+01	1.146631e+01	1.064609e+01	9.979845e+00	1.666779e+01	1.458463e+01	1.312637e+01	1.203281e+01	1.117379e+01	1.606567e+01	1.445740e+01	1.325138e+01	1.455825e+01
31100	1.904593e+01	1.586724e+01	1.388071e+01	1.249036e+01	1.144784e+01	1.062894e+01	9.963769e+00	1.664094e+01	1.456111e+01	1.310520e+01	1.201341e+01	1.115579e+01	1.603968e+01	1.443398e+01	1.322992e+01	1.453467e+01
31200	1.901541e+01	1.584177e+01	1.385841e+01	1.247030e+01	1.142945e+01	1.061187e+01	9.947768e+00	1.661421e+01	1.453770e+01	1.308413e+01	1.199410e+01	1.113787e+01	1.601382e+01	1.441068e+01	1.320855e+01	1.451120e+01
31300	1.898505e+01	1.581643e+01	1.383622e+01	1.245033e+01	1.141115e+01	1.059488e+01	9.931841e+00	1.658760e+01	1.451440e+01	1.306315e+01	1.197488e+01	1.112004e+01	1.598807e+01	1.438748e+01	1.318728e+01	1.448784e+01
31400	1.895483e+01	1.579121e+01	1.381414e+01	1.243046e+01	1.139294e+01	1.057797e+01	9.915988e+00	1.656111e+01	1.449120e+01	1.304227e+01	1.195575e+01	1.110228e+01	1.596243e+01	1.436438e+01	1.316611e+01	1.446458e+01
31500	1.892476e+01	1.576610e+01	1.379216e+01	1.241067e+01	1.137481e+01	1.056114e+01	9.900208e+00	1.653474e+01	1.446811e+01	1.302149e+01	1.193670e+01	1.108460e+01	1.593692e+01	1.434139e+01	1.314503e+01	1.444142e+01
31600	1.889483e+01	1.574112e+01	1.377028e+01	1.239099e+01	1.135676e+01	1.054438e+01	9.884502e+00	1.650849e+01	1.444512e+01	1.300080e+01	1.191774e+01	1.106700e+01	1.591152e+01	1.431851e+01	1.312405e+01	1.441837e+01
31700	1.886504e+01	1.571625e+01	1.374851e+01	1.237139e+01	1.133880e+01	1.052771e+01	9.868868e+00	1.648235e+01	1.442225e+01	1.298021e+01	1.189886e+01	1.104948e+01	1.588624e+01	1.429574e+01	1.310317e+01	1.439543e+01
31800	1.883538e+01	1.569150e+01	1.372683e+01	1.235189e+01	1.132093e+01	1.051111e+01	9.853307e+00	1.645633e+01	1.439947e+01	1.295971e+01	1.188007e+01	1.103204e+01	1.586108e+01	1.427307e+01	1.308239e+01	1.437260e+01
31900	1.880587e+01	1.566686e+01	1.370527e+01	1.233247e+01	1.130314e+01	1.049459e+01	9.837818e+00	1.643043e+01	1.437681e+01	1.293931e+01	1.186137e+01	1.101467e+01	1.583604e+01	1.425051e+01	1.306170e+01	1.434988e+01
32000	1.877649e+01	1.564234e+01	1.368380e+01	1.231315e+01	1.128543e+01	1.047815e+01	9.822401e+00	1.640465e+01	1.435424e+01	1.291901e+01	1.184276e+01	1.099739e+01	1.581112e+01	1.422806e+01	1.304112e+01	1.432726e+01
32100	1.874725e+01	1.561794e+01	1.366243e+01	1.229392e+01	1.126780e+01	1.046178e+01	9.807056e+00	1.637899e+01	1.433179e+01	1.289880e+01	1.182423e+01	1.098018e+01	1.578632e+01	1.420572e+01	1.302063e+01	1.430476e+01
32200	1.871814e+01	1.559365e+01	1.364117e+01	1.227478e+01	1.125026e+01	1.044549e+01	9.791781e+00	1.635345e+01	1.430944e+01	1.287868e+01	1.180579e+01	1.096306e+01	1.576163e+01	1.418349e+01	1.300024e+01	1.428236e+01
32300	1.868916e+01	1.556948e+01	1.362000e+01	1.225573e+01	1.123280e+01	1.042927e+01	9.776576e+00	1.632802e+01	1.428720e+01	1.285867e+01	1.178743e+01	1.094601e+01	1.573707e+01	1.416136e+01	1.297996e+01	1.426008e+01
32400	1.866032e+01	1.554542e+01	1.359893e+01	1.223677e+01	1.121541e+01	1.041313e+01	9.761441e+00	1.630272e+01	1.426506e+01	1.283874e+01	1.176917e+01	1.092904e+01	1.571263e+01	1.413935e+01	1.295977e+01	1.423791e+01
32500	1.863162e+01	1.552147e+01	1.357797e+01	1.221790e+01	1.119811e+01	1.039706e+01	9.746375e+00	1.627753e+01	1.424303e+01	1.281892e+01	1.175099e+01	1.091215e+01	1.568831e+01	1.411745e+01	1.293969e+01	1.421585e+01
32600	1.860304e+01	1.549763e+01	1.355710e+01	1.219911e+01	1.118090e+01	1.038107e+01	9.731378e+00	1.625247e+01	1.422110e+01	1.279919e+01	1.173289e+01	1.089534e+01	1.566411e+01	1.409566e+01	1.291971e+01	1.419391e+01
32700	1.857459e+01	1.547391e+01	1.353633e+01	1.218042e+01	1.116376e+01	1.036515e+01	9.716450e+00	1.622752e+01	1.419928e+01	1.277955e+01	1.171489e+01	1.087861e+01	1.564004e+01	1.407398e+01	1.289983e+01	1.417208e+01
32800	1.854628e+01	1.545030e+01	1.351566e+01	1.216181e+01	1.114670e+01	1.034931e+01	9.701590e+00	1.620269e+01	1.417757e+01	1.276001e+01	1.169697e+01	1.086196e+01	1.561608e+01	1.405242e+01	1.288005e+01	1.415037e+01
32900	1.851809e+01	1.542679e+01	1.349508e+01	1.214329e+01	1.112971e+01	1.033354e+01	9.686798e+00	1.617799e+01	1.415596e+01	1.274057e+01	1.167914e+01	1.084539e+01	1.559225e+01	1.403096e+01	1.286038e+01	1.412877e+01
33000	1.849003e+01	1.540340e+01	1.347460e+01	1.212485e+01	1.111281e+01	1.031784e+01	9.672072e+00	1.615340e+01	1.413446e+01	1.272122e+01	1.166139e+01	1.082890e+01	1.556853e+01	1.400962e+01	1.284080e+01	1.410729e+01
33100	1.846210e+01	1.538011e+01	1.345421e+01	1.210649e+01	1.109598e+01	1.030220e+01	9.657413e+00	1.612893e+01	1.411306e+01	1.270196e+01	1.164373e+01	1.081248e+01	1.554494e+01	1.398838e+01	1.282133e+01	1.408591e+01
33200	1.843430e+01	1.535693e+01	1.343391e+01	1.208822e+01	1.107923e+01	1.028664e+01	9.642819e+00	1.610457e+01	1.409176e+01	1.268280e+01	1.162616e+01	1.079615e+01	1.552147e+01	1.396725e+01	1.280196e+01	1.406466e+01
33300	1.840662e+01	1.533386e+01	1.341371e+01	1.207003e+01	1.106255e+01	1.027115e+01	9.628292e+00	1.608034e+01	1.407057e+01	1.266373e+01	1.160867e+01	1.077989e+01	1.549811e+01	1.394623e+01	1.278269e+01	1.404351e+01
33400	1.837906e+01	1.531089e+01	1.339360e+01	1.205192e+01	1.104594e+01	1.025573e+01	9.613828e+00	1.605622e+01	1.404948e+01	1.264474e+01	1.159126e+01	1.076371e+01	1.547487e+01	1.392532e+01	1.276351e+01	1.402247e+01
33500	1.835163e+01	1.528803e+01	1.337357e+01	1.203388e+01	1.102941e+01	1.024037e+01	9.599428e+00	1.603221e+01	1.402848e+01	1.262585e+01	1.157393e+01	1.074761e+01	1.545174e+01	1.390450e+01	1.274442e+01	1.400153e+01
33600	1.832431e+01	1.526526e+01	1.335364e+01	1.201593e+01	1.101294e+01	1.022508e+01	9.585093e+00	1.600832e+01	1.400759e+01	1.260704e+01	1.155668e+01	1.073157e+01	1.542872e+01	1.388379e+01	1.272543e+01	1.398070e+01
33700	1.829713e+01	1.524260e+01	1.333379e+01	1.199806e+01	1.099655e+01	1.020986e+01	9.570821e+00	1.598455e+01	1.398679e+01	1.258833e+01	1.153951e+01	1.071562e+01	1.540581e+01	1.386317e+01	1.270653e+01	1.395997e+01
33800	1.827006e+01	1.522004e+01	1.331403e+01	1.198026e+01	1.098024e+01	1.019471e+01	9.556614e+00	1.596089e+01	1.396609e+01	1.256970e+01	1.152243e+01	1.069974e+01	1.538302e+01	1.384266e+01	1.268772e+01	1.393935e+01
33900	1.824311e+01	1.519759e+01	1.329436e+01	1.196254e+01	1.096399e+01	1.017962e+01	9.542471e+00	1.593734e+01	1.394550e+01	1.255115e+01	1.150542e+01	1.068394e+01	1.536033e+01	1.382224e+01	1.266900e+01	1.391883e+01
34000	1.821629e+01	1.517523e+01	1.327478e+01	1.194490e+01	1.094782e+01	1.016460e+01	9.528392e+00	1.591391e+01	1.392500e+01	1.253270e+01	1.148849e+01	1.066821e+01	1.533776e+01	1.380193e+01	1.265038e+01	1.389841e+01
34100	1.818958e+01	1.515298e+01	1.325528e+01	1.192734e+01	1.093171e+01	1.014965e+01	9.514377e+00	1.589059e+01	1.390459e+01	1.251433e+01	1.147165e+01	1.065256e+01	1.531529e+01	1.378171e+01	1.263184e+01	1.387809e+01
34200	1.816299e+01	1.513082e+01	1.323587e+01	1.190986e+01	1.091568e+01	1.013477e+01	9.500426e+00	1.586738e+01	1.388428e+01	1.249605e+01	1.145488e+01	1.063698e+01	1.529293e+01	1.376159e+01	1.261340e+01	1.385787e+01
34300	1.813652e+01	1.510876e+01	1.321655e+01	1.189245e+01	1.089972e+01	1.011995e+01	9.486539e+00	1.584427e+01	1.386407e+01	1.247785e+01	1.143820e+01	1.062148e+01	1.527067e+01	1.374157e+01	1.259504e+01	1.383775e+01
34400	1.811016e+01	1.508679e+01	1.319731e+01	1.187512e+01	1.088383e+01	1.010520e+01	9.472714e+00	1.582128e+01	1.384395e+01	1.245974e+01	1.142159e+01	1.060605e+01	1.524852e+01	1.372164e+01	1.257677e+01	1.381773e+01
34500	1.808392e+01	1.506492e+01	1.317815e+01	1.185786e+01	1.086801e+01	1.009051e+01	9.458950e+00	1.579840e+01	1.382392e+01	1.244171e+01	1.140506e+01	1.059070e+01	1.522647e+01	1.370180e+01	1.255859e+01	1.379781e+01
34600	1.805779e+01	1.504315e+01	1.315908e+01	1.184068e+01	1.085226e+01	1.007589e+01	9.445244e+00	1.577562e+01	1.380399e+01	1.242377e+01	1.138861e+01	1.057541e+01	1.520452e+01	1.368206e+01	1.254049e+01	1.377798e+01
34700	1.803177e+01	1.502147e+01	1.314009e+01	1.182358e+01	1.083657e+01	1.006132e+01	9.431599e+00	1.575295e+01	1.378415e+01	1.240590e+01	1.137223e+01	1.056020e+01	1.518268e+01	1.366240e+01	1.252248e+01	1.375824e+01
34800	1.800587e+01	1.499989e+01	1.312118e+01	1.180654e+01	1.082095e+01	1.004683e+01	9.418012e+00	1.573038e+01	1.376439e+01	1.238812e+01	1.135593e+01	1.054506e+01	1.516094e+01	1.364284e+01	1.250455e+01	1.373859e+01
34900	1.798007e+01	1.497840e+01	1.310236e+01	1.178958e+01	1.080540e+01	1.003239e+01	9.404484e+00	1.570792e+01	1.374473e+01	1.237042e+01	1.133970e+01	1.052999e+01	1.513929e+01	1.362337e+01	1.248670e+01	1.371904e+01
35000	1.795439e+01	1.495700e+01	1.308361e+01	1.177270e+01	1.078992e+01	1.001802e+01	9.391015e+00	1.568556e+01	1.372516e+01	1.235279e+01	1.132354e+01	1.051499e+01	1.511774e+01	1.360398e+01	1.246893e+01	1.369957e+01
35100	1.792881e+01	1.493569e+01	1.306494e+01	1.175588e+01	1.077450e+01	1.000370e+01	9.377604e+00	1.566330e+01	1.370567e+01	1.233525e+01	1.130746e+01	1.050006e+01	1.509628e+01	1.358468e+01	1.245124e+01	1.368020e+01
35200	1.790335e+01	1.491446e+01	1.304635e+01	1.173914e+01	1.075915e+01	9.989453e+00	9.364252e+00	1.564114e+01	1.368626e+01	1.231778e+01	1.129145e+01	1.048519e+01	1.507492e+01	1.356546e+01	1.243363e+01	1.366091e+01
35300	1.787798e+01	1.489333e+01	1.302784e+01	1.172246e+01	1.074386e+01	9.975263e+00	9.350957e+00	1.561908e+01	1.366694e+01	1.230038e+01	1.127550e+01	1.047039e+01	1.505365e+01	1.354632e+01	1.241609e+01	1.364170e+01
35400	1.785273e+01	1.487228e+01	1.300940e+01	1.170586e+01	1.072864e+01	9.961135e+00	9.337719e+00	1.559712e+01	1.364771e+01	1.228306e+01	1.125963e+01	1.045566e+01	1.503247e+01	1.352727e+01	1.239864e+01	1.362258e+01
35500	1.782758e+01	1.485132e+01	1.299105e+01	1.168933e+01	1.071348e+01	9.947068e+00	9.324539e+00	1.557525e+01	1.362856e+01	1.226582e+01	1.124383e+01	1.044100e+01	1.501138e+01	1.350830e+01	1.238125e+01	1.360354e+01
35600	1.780253e+01	1.483045e+01	1.297277e+01	1.167286e+01	1.069839e+01	9.933061e+00	9.311416e+00	1.555347e+01	1.360949e+01	1.224865e+01	1.122810e+01	1.042640e+01	1.499038e+01	1.348941e+01	1.236395e+01	1.358458e+01
35700	1.777759e+01	1.480966e+01	1.295456e+01	1.165647e+01	1.068337e+01	9.919115e+00	9.298350e+00	1.553179e+01	1.359050e+01	1.223156e+01	1.121244e+01	1.041187e+01	1.496947e+01	1.347060e+01	1.234671e+01	1.356570e+01
35800	1.775274e+01	1.478896e+01	1.293644e+01	1.164015e+01	1.066841e+01	9.905229e+00	9.285340e+00	1.551020e+01	1.357159e+01	1.221454e+01	1.119685e+01	1.039740e+01	1.494864e+01	1.345187e+01	1.232955e+01	1.354690e+01
35900	1.772800e+01	1.476835e+01	1.291838e+01	1.162390e+01	1.065351e+01	9.891403e+00	9.272387e+00	1.548869e+01	1.355276e+01	1.219759e+01	1.118132e+01	1.038300e+01	1.492790e+01	1.343322e+01	1.231246e+01	1.352818e+01
36000	1.770336e+01	1.474781e+01	1.290041e+01	1.160771e+01	1.063868e+01	9.877637e+00	9.259489e+00	1.546728e+01	1.353401e+01	1.218072e+01	1.116586e+01	1.036866e+01	1.490724e+01	1.341465e+01	1.229545e+01	1.350954e+01
36100	1.767882e+01	1.472737e+01	1.288251e+01	1.159160e+01	1.062391e+01	9.863930e+00	9.246648e+00	1.544596e+01	1.351534e+01	1.216391e+01	1.115047e+01	1.035438e+01	1.488667e+01	1.339615e+01	1.227850e+01	1.349097e+01
36200	1.765438e+01	1.470701e+01	1.286469e+01	1.157555e+01	1.060920e+01	9.850282e+00	9.233860e+00	1.542473e+01	1.349675e+01	1.214718e+01	1.113515e+01	1.034016e+01	1.486618e+01	1.337772e+01	1.226163e+01	1.347248e+01
36300	1.763004e+01	1.468673e+01	1.284694e+01	1.155958e+01	1.059456e+01	9.836691e+00	9.221126e+00	1.540358e+01	1.347823e+01	1.213051e+01	1.111988e+01	1.032601e+01	1.484578e+01	1.335937e+01	1.224482e+01	1.345406e+01
36400	1.760580e+01	1.466653e+01	1.282926e+01	1.154367e+01	1.057998e+01	9.823158e+00	9.208445e+00	1.538252e+01	1.345979e+01	1.211392e+01	1.110468e+01	1.031191e+01	1.482545e+01	1.334109e+01	1.222807e+01	1.343572e+01
36500	1.758166e+01	1.464642e+01	1.281166e+01	1.152783e+01	1.056546e+01	9.809683e+00	9.195817e+00	1.536155e+01	1.344142e+01	1.209739e+01	1.108954e+01	1.029787e+01	1.480521e+01	1.332289e+01	1.221140e+01	1.341744e+01
36600	1.755762e+01	1.462639e+01	1.279414e+01	1.151205e+01	1.055101e+01	9.796264e+00	9.183241e+00	1.534066e+01	1.342313e+01	1.208093e+01	1.107447e+01	1.028389e+01	1.478504e+01	1.330475e+01	1.219478e+01	1.339924e+01
36700	1.753367e+01	1.460645e+01	1.277669e+01	1.149635e+01	1.053661e+01	9.782903e+00	9.170719e+00	1.531986e+01	1.340492e+01	1.206453e+01	1.105945e+01	1.026996e+01	1.476496e+01	1.328669e+01	1.217824e+01	1.338110e+01
36800	1.750983e+01	1.458659e+01	1.275931e+01	1.148071e+01	1.052228e+01	9.769599e+00	9.158249e+00	1.529914e+01	1.338678e+01	1.204821e+01	1.104450e+01	1.025610e+01	1.474495e+01	1.326869e+01	1.216175e+01	1.336303e+01
36900	1.748608e+01	1.456681e+01	1.274201e+01	1.146514e+01	1.050801e+01	9.756351e+00	9.145831e+00	1.527850e+01	1.336871e+01	1.203195e+01	1.102961e+01	1.024228e+01	1.472502e+01	1.325076e+01	1.214533e+01	1.334503e+01
37000	1.746243e+01	1.454710e+01	1.272477e+01	1.144963e+01	1.049380e+01	9.743156e+00	9.133462e+00	1.525795e+01	1.335071e+01	1.201575e+01	1.101477e+01	1.022852e+01	1.470516e+01	1.323290e+01	1.212896e+01	1.332709e+01
37100	1.743887e+01	1.452748e+01	1.270761e+01	1.143419e+01	1.047965e+01	9.730014e+00	9.121143e+00	1.523747e+01	1.333278e+01	1.199961e+01	1.099998e+01	1.021481e+01	1.468537e+01	1.321510e+01	1.211265e+01	1.330921e+01
37200	1.741540e+01	1.450794e+01	1.269051e+01	1.141881e+01	1.046555e+01	9.716925e+00	9.108872e+00	1.521707e+01	1.331491e+01	1.198353e+01	1.098525e+01	1.020115e+01	1.466566e+01	1.319736e+01	1.209640e+01	1.329139e+01
37300	1.739203e+01	1.448847e+01	1.267349e+01	1.140349e+01	1.045151e+01	9.703887e+00	9.096650e+00	1.519675e+01	1.329712e+01	1.196751e+01	1.097058e+01	1.018753e+01	1.464601e+01	1.317968e+01	1.208020e+01	1.327363e+01
37400	1.736875e+01	1.446908e+01	1.265653e+01	1.138823e+01	1.043752e+01	9.690901e+00	9.084475e+00	1.517651e+01	1.327938e+01	1.195154e+01	1.095595e+01	1.017397e+01	1.462644e+01	1.316207e+01	1.206406e+01	1.325593e+01
37500	1.734555e+01	1.444977e+01	1.263964e+01	1.137303e+01	1.042359e+01	9.677963e+00	9.072345e+00	1.515634e+01	1.326172e+01	1.193564e+01	1.094138e+01	1.016045e+01	1.460693e+01	1.314451e+01	1.204798e+01	1.323829e+01
37600	1.732245e+01	1.443053e+01	1.262281e+01	1.135789e+01	1.040971e+01	9.665075e+00	9.060261e+00	1.513624e+01	1.324411e+01	1.191979e+01	1.092685e+01	1.014697e+01	1.458750e+01	1.312702e+01	1.203194e+01	1.322071e+01
37700	1.729944e+01	1.441136e+01	1.260605e+01	1.134281e+01	1.039588e+01	9.652235e+00	9.048222e+00	1.511622e+01	1.322657e+01	1.190399e+01	1.091238e+01	1.013355e+01	1.456813e+01	1.310958e+01	1.201596e+01	1.320318e+01
37800	1.727652e+01	1.439227e+01	1.258935e+01	1.132778e+01	1.038211e+01	9.639443e+00	9.036228e+00	1.509627e+01	1.320909e+01	1.188825e+01	1.089795e+01	1.012016e+01	1.454883e+01	1.309220e+01	1.200003e+01	1.318571e+01
37900	1.725369e+01	1.437325e+01	1.257272e+01	1.131281e+01	1.036839e+01	9.626700e+00	9.024280e+00	1.507639e+01	1.319168e+01	1.187256e+01	1.088357e+01	1.010682e+01	1.452959e+01	1.307489e+01	1.198416e+01	1.316829e+01
38000	1.723094e+01	1.435431e+01	1.255615e+01	1.129790e+01	1.035472e+01	9.614005e+00	9.012376e+00	1.505658e+01	1.317432e+01	1.185693e+01	1.086925e+01	1.009352e+01	1.451043e+01	1.305763e+01	1.196834e+01	1.315094e+01
38100	1.720828e+01	1.433544e+01	1.253964e+01	1.128305e+01	1.034110e+01	9.601358e+00	9.000517e+00	1.503684e+01	1.315703e+01	1.184135e+01	1.085496e+01	1.008027e+01	1.449133e+01	1.304043e+01	1.195257e+01	1.313364e+01
38200	1.718571e+01	1.431664e+01	1.252320e+01	1.126825e+01	1.032754e+01	9.588758e+00	8.988703e+00	1.501717e+01	1.313979e+01	1.182583e+01	1.084073e+01	1.006706e+01	1.447230e+01	1.302329e+01	1.193685e+01	1.311639e+01
38300	1.716323e+01	1.429791e+01	1.250682e+01	1.125351e+01	1.031402e+01	9.576206e+00	8.976933e+00	1.499758e+01	1.312262e+01	1.181036e+01	1.082655e+01	1.005390e+01	1.445333e+01	1.300620e+01	1.192119e+01	1.309921e+01
38400	1.714083e+01	1.427925e+01	1.249050e+01	1.123883e+01	1.030056e+01	9.563702e+00	8.965207e+00	1.497805e+01	1.310551e+01	1.179494e+01	1.081241e+01	1.004078e+01	1.443443e+01	1.298918e+01	1.190558e+01	1.308208e+01
38500	1.711851e+01	1.426066e+01	1.247424e+01	1.122420e+01	1.028715e+01	9.551245e+00	8.953525e+00	1.495859e+01	1.308846e+01	1.177958e+01	1.079832e+01	1.002770e+01	1.441560e+01	1.297221e+01	1.189003e+01	1.306500e+01
38600	1.709628e+01	1.424214e+01	1.245805e+01	1.120963e+01	1.027379e+01	9.538835e+00	8.941887e+00	1.493921e+01	1.307147e+01	1.176427e+01	1.078428e+01	1.001466e+01	1.439684e+01	1.295531e+01	1.187452e+01	1.304799e+01
38700	1.707414e+01	1.422370e+01	1.244192e+01	1.119511e+01	1.026048e+01	9.526471e+00	8.930291e+00	1.491989e+01	1.305454e+01	1.174901e+01	1.077029e+01	1.000167e+01	1.437814e+01	1.293846e+01	1.185907e+01	1.303103e+01
38800	1.705208e+01	1.420532e+01	1.242585e+01	1.118065e+01	1.024722e+01	9.514153e+00	8.918739e+00	1.490064e+01	1.303767e+01	1.173381e+01	1.075634e+01	9.988719e+00	1.435951e+01	1.292167e+01	1.184367e+01	1.301413e+01
38900	1.703010e+01	1.418702e+01	1.240984e+01	1.116624e+01	1.023401e+01	9.501881e+00	8.907229e+00	1.488146e+01	1.302086e+01	1.171867e+01	1.074245e+01	9.975813e+00	1.434094e+01	1.290494e+01	1.182833e+01	1.299729e+01
39000	1.700821e+01	1.416878e+01	1.239389e+01	1.115189e+01	1.022085e+01	9.489655e+00	8.895762e+00	1.486235e+01	1.300412e+01	1.170357e+01	1.072860e+01	9.962950e+00	1.432244e+01	1.288827e+01	1.181304e+01	1.298050e+01
39100	1.698640e+01	1.415062e+01	1.237800e+01	1.113759e+01	1.020774e+01	9.477476e+00	8.884338e+00	1.484331e+01	1.298743e+01	1.168854e+01	1.071480e+01	9.950131e+00	1.430401e+01	1.287166e+01	1.179780e+01	1.296378e+01
39200	1.696468e+01	1.413252e+01	1.236218e+01	1.112335e+01	1.019468e+01	9.465342e+00	8.872956e+00	1.482434e+01	1.297081e+01	1.167355e+01	1.070105e+01	9.937357e+00	1.428564e+01	1.285511e+01	1.178262e+01	1.294711e+01
39300	1.694304e+01	1.411449e+01	1.234641e+01	1.110916e+01	1.018167e+01	9.453253e+00	8.861617e+00	1.480543e+01	1.295424e+01	1.165862e+01	1.068735e+01	9.924627e+00	1.426734e+01	1.283861e+01	1.176749e+01	1.293050e+01
39400	1.692147e+01	1.409653e+01	1.233070e+01	1.109502e+01	1.016870e+01	9.441210e+00	8.850321e+00	1.478659e+01	1.293773e+01	1.164374e+01	1.067369e+01	9.911941e+00	1.424911e+01	1.282218e+01	1.175242e+01	1.291395e+01
39500	1.689999e+01	1.407863e+01	1.231505e+01	1.108094e+01	1.015579e+01	9.429212e+00	8.839067e+00	1.476782e+01	1.292129e+01	1.162892e+01	1.066009e+01	9.899300e+00	1.423094e+01	1.280581e+01	1.173740e+01	1.289746e+01
39600	1.687859e+01	1.406080e+01	1.229946e+01	1.106691e+01	1.014292e+01	9.417259e+00	8.827855e+00	1.474911e+01	1.290490e+01	1.161415e+01	1.064654e+01	9.886704e+00	1.421283e+01	1.278949e+01	1.172243e+01	1.288102e+01
39700	1.685726e+01	1.404303e+01	1.228392e+01	1.105293e+01	1.013011e+01	9.405351e+00	8.816687e+00	1.473047e+01	1.288856e+01	1.159943e+01	1.063303e+01	9.874153e+00	1.419479e+01	1.277323e+01	1.170752e+01	1.286465e+01
39800	1.683600e+01	1.402532e+01	1.226844e+01	1.103900e+01	1.011734e+01	9.393489e+00	8.805560e+00	1.471189e+01	1.287229e+01	1.158477e+01	1.061957e+01	9.861648e+00	1.417682e+01	1.275704e+01	1.169267e+01	1.284834e+01
39900	1.681483e+01	1.400768e+01	1.225301e+01	1.102512e+01	1.010462e+01	9.381672e+00	8.794477e+00	1.469338e+01	1.285608e+01	1.157016e+01	1.060617e+01	9.849189e+00	1.415891e+01	1.274090e+01	1.167787e+01	1.283208e+01
40000	1.679372e+01	1.399010e+01	1.223764e+01	1.101130e+01	1.009194e+01	9.369900e+00	8.783435e+00	1.467493e+01	1.283992e+01	1.155561e+01	1.059281e+01	9.836776e+00	1.414107e+01	1.272482e+01	1.166312e+01	1.281589e+01
40100	1.677268e+01	1.397258e+01	1.222233e+01	1.099753e+01	1.007932e+01	9.358173e+00	8.772437e+00	1.465655e+01	1.282383e+01	1.154111e+01	1.057951e+01	9.824410e+00	1.412329e+01	1.270881e+01	1.164844e+01	1.279975e+01
40200	1.675172e+01	1.395513e+01	1.220708e+01	1.098381e+01	1.006674e+01	9.346491e+00	8.761481e+00	1.463823e+01	1.280779e+01	1.152667e+01	1.056625e+01	9.812090e+00	1.410557e+01	1.269285e+01	1.163380e+01	1.278368e+01
40300	1.673083e+01	1.393773e+01	1.219188e+01	1.097014e+01	1.005421e+01	9.334854e+00	8.750568e+00	1.461998e+01	1.279182e+01	1.151228e+01	1.055305e+01	9.799818e+00	1.408793e+01	1.267696e+01	1.161923e+01	1.276767e+01
40400	1.671002e+01	1.392040e+01	1.217673e+01	1.095652e+01	1.004173e+01	9.323262e+00	8.739697e+00	1.460179e+01	1.277590e+01	1.149794e+01	1.053989e+01	9.787592e+00	1.407035e+01	1.266113e+01	1.160471e+01	1.275173e+01
40500	1.668927e+01	1.390313e+01	1.216164e+01	1.094295e+01	1.002930e+01	9.311715e+00	8.728869e+00	1.458367e+01	1.276004e+01	1.148366e+01	1.052679e+01	9.775414e+00	1.405284e+01	1.264536e+01	1.159026e+01	1.273584e+01
40600	1.666860e+01	1.388592e+01	1.214661e+01	1.092943e+01	1.001691e+01	9.300212e+00	8.718083e+00	1.456561e+01	1.274424e+01	1.146944e+01	1.051374e+01	9.763284e+00	1.403539e+01	1.262965e+01	1.157585e+01	1.272002e+01
40700	1.664800e+01	1.386878e+01	1.213163e+01	1.091597e+01	1.000457e+01	9.288754e+00	8.707339e+00	1.454762e+01	1.272851e+01	1.145527e+01	1.050075e+01	9.751203e+00	1.401801e+01	1.261401e+01	1.156151e+01	1.270426e+01
40800	1.662748e+01	1.385169e+01	1.211671e+01	1.090255e+01	9.992278e+00	9.277339e+00	8.696636e+00	1.452970e+01	1.271283e+01	1.144116e+01	1.048780e+01	9.739170e+00	1.400070e+01	1.259843e+01	1.154723e+01	1.268857e+01
40900	1.660702e+01	1.383467e+01	1.210184e+01	1.088919e+01	9.980032e+00	9.265968e+00	8.685974e+00	1.451184e+01	1.269721e+01	1.142710e+01	1.047491e+01	9.727187e+00	1.398346e+01	1.258291e+01	1.153300e+01	1.267294e+01
41000	1.658664e+01	1.381771e+01	1.208703e+01	1.087587e+01	9.967833e+00	9.254641e+00	8.675354e+00	1.449405e+01	1.268166e+01	1.141310e+01	1.046207e+01	9.715252e+00	1.396629e+01	1.256746e+01	1.151884e+01	1.265738e+01
41100	1.656633e+01	1.380081e+01	1.207227e+01	1.086261e+01	9.955681e+00	9.243357e+00	8.664774e+00	1.447632e+01	1.266616e+01	1.139916e+01	1.044928e+01	9.703367e+00	1.394918e+01	1.255206e+01	1.150473e+01	1.264188e+01
41200	1.654609e+01	1.378397e+01	1.205757e+01	1.084939e+01	9.943574e+00	9.232117e+00	8.654236e+00	1.445866e+01	1.265073e+01	1.138528e+01	1.043655e+01	9.691532e+00	1.393214e+01	1.253674e+01	1.149068e+01	1.262645e+01
41300	1.652592e+01	1.376720e+01	1.204292e+01	1.083622e+01	9.931514e+00	9.220920e+00	8.643738e+00	1.444107e+01	1.263536e+01	1.137145e+01	1.042387e+01	9.679747e+00	1.391518e+01	1.252148e+01	1.147670e+01	1.261109e+01
41400	1.650583e+01	1.375048e+01	1.202832e+01	1.082311e+01	9.919500e+00	9.209766e+00	8.633281e+00	1.442354e+01	1.262004e+01	1.135768e+01	1.041124e+01	9.668012e+00	1.389828e+01	1.250628e+01	1.146277e+01	1.259579e+01
41500	1.648580e+01	1.373383e+01	1.201378e+01	1.081004e+01	9.907531e+00	9.198655e+00	8.622865e+00	1.440609e+01	1.260479e+01	1.134396e+01	1.039867e+01	9.656327e+00	1.388145e+01	1.249115e+01	1.144891e+01	1.258056e+01
41600	1.646585e+01	1.371723e+01	1.199929e+01	1.079702e+01	9.895607e+00	9.187586e+00	8.612487e+00	1.438869e+01	1.258960e+01	1.133030e+01	1.038614e+01	9.644690e+00	1.386469e+01	1.247607e+01	1.143510e+01	1.256539e+01
41700	1.644597e+01	1.370070e+01	1.198486e+01	1.078405e+01	9.883728e+00	9.176559e+00	8.602150e+00	1.437136e+01	1.257447e+01	1.131670e+01	1.037368e+01	9.633103e+00	1.384799e+01	1.246107e+01	1.142135e+01	1.255028e+01
41800	1.642616e+01	1.368422e+01	1.197048e+01	1.077113e+01	9.871893e+00	9.165573e+00	8.591851e+00	1.435410e+01	1.255939e+01	1.130315e+01	1.036126e+01	9.621566e+00	1.383136e+01	1.244612e+01	1.140765e+01	1.253524e+01
41900	1.640642e+01	1.366781e+01	1.195615e+01	1.075826e+01	9.860103e+00	9.154629e+00	8.581592e+00	1.433691e+01	1.254438e+01	1.128966e+01	1.034890e+01	9.610078e+00	1.381480e+01	1.243124e+01	1.139402e+01	1.252027e+01
42000	1.638675e+01	1.365146e+01	1.194187e+01	1.074543e+01	9.848355e+00	9.143725e+00	8.571370e+00	1.431978e+01	1.252943e+01	1.127622e+01	1.033658e+01	9.598638e+00	1.379831e+01	1.241641e+01	1.138044e+01	1.250535e+01
42100	1.636715e+01	1.363516e+01	1.192765e+01	1.073265e+01	9.836648e+00	9.132859e+00	8.561185e+00	1.430271e+01	1.251453e+01	1.126283e+01	1.032432e+01	9.587245e+00	1.378187e+01	1.240165e+01	1.136692e+01	1.249050e+01
42200	1.634762e+01	1.361892e+01	1.191347e+01	1.071991e+01	9.824982e+00	9.122032e+00	8.551036e+00	1.428571e+01	1.249969e+01	1.124950e+01	1.031210e+01	9.575897e+00	1.376551e+01	1.238694e+01	1.135345e+01	1.247571e+01
42300	1.632816e+01	1.360274e+01	1.189934e+01	1.070721e+01	9.813357e+00	9.111242e+00	8.540924e+00	1.426877e+01	1.248491e+01	1.123621e+01	1.029994e+01	9.564596e+00	1.374920e+01	1.237229e+01	1.134003e+01	1.246097e+01
42400	1.630877e+01	1.358662e+01	1.188526e+01	1.069456e+01	9.801771e+00	9.100491e+00	8.530847e+00	1.425190e+01	1.247018e+01	1.122298e+01	1.028782e+01	9.553340e+00	1.373296e+01	1.235770e+01	1.132667e+01	1.244630e+01
42500	1.628946e+01	1.357055e+01	1.187124e+01	1.068196e+01	9.790227e+00	9.089777e+00	8.520806e+00	1.423509e+01	1.245551e+01	1.120980e+01	1.027574e+01	9.542130e+00	1.371678e+01	1.234316e+01	1.131335e+01	1.243168e+01
42600	1.627021e+01	1.355455e+01	1.185726e+01	1.066939e+01	9.778722e+00	9.079101e+00	8.510801e+00	1.421834e+01	1.244089e+01	1.119667e+01	1.026372e+01	9.530965e+00	1.370066e+01	1.232868e+01	1.130009e+01	1.241712e+01
42700	1.625103e+01	1.353860e+01	1.184333e+01	1.065687e+01	9.767257e+00	9.068462e+00	8.500832e+00	1.420166e+01	1.242633e+01	1.118359e+01	1.025175e+01	9.519845e+00	1.368460e+01	1.231425e+01	1.128689e+01	1.240262e+01
42800	1.623192e+01	1.352271e+01	1.182945e+01	1.064440e+01	9.755833e+00	9.057861e+00	8.490898e+00	1.418504e+01	1.241183e+01	1.117057e+01	1.023982e+01	9.508771e+00	1.366861e+01	1.229989e+01	1.127373e+01	1.238818e+01
42900	1.621289e+01	1.350687e+01	1.181562e+01	1.063197e+01	9.744448e+00	9.047297e+00	8.481000e+00	1.416848e+01	1.239738e+01	1.115759e+01	1.022793e+01	9.497741e+00	1.365268e+01	1.228557e+01	1.126062e+01	1.237380e+01
43000	1.619391e+01	1.349109e+01	1.180183e+01	1.061958e+01	9.733102e+00	9.036770e+00	8.471137e+00	1.415198e+01	1.238298e+01	1.114466e+01	1.021610e+01	9.486756e+00	1.363680e+01	1.227132e+01	1.124757e+01	1.235947e+01
43100	1.617501e+01	1.347537e+01	1.178810e+01	1.060723e+01	9.721795e+00	9.026280e+00	8.461309e+00	1.413554e+01	1.236864e+01	1.113178e+01	1.020431e+01	9.475815e+00	1.362099e+01	1.225711e+01	1.123456e+01	1.234519e+01
43200	1.615617e+01	1.345970e+01	1.177441e+01	1.059492e+01	9.710528e+00	9.015827e+00	8.451516e+00	1.411916e+01	1.235435e+01	1.111895e+01	1.019257e+01	9.464918e+00	1.360523e+01	1.224296e+01	1.122161e+01	1.233097e+01
43300	1.613740e+01	1.344408e+01	1.176077e+01	1.058266e+01	9.699299e+00	9.005410e+00	8.441757e+00	1.410284e+01	1.234011e+01	1.110616e+01	1.018087e+01	9.454065e+00	1.358953e+01	1.222886e+01	1.120870e+01	1.231681e+01
43400	1.611869e+01	1.342852e+01	1.174717e+01	1.057044e+01	9.688108e+00	8.995028e+00	8.432031e+00	1.408658e+01	1.232592e+01	1.109342e+01	1.016921e+01	9.443253e+00	1.357389e+01	1.221482e+01	1.119585e+01	1.230270e+01
43500	1.610005e+01	1.341301e+01	1.173362e+01	1.055826e+01	9.676954e+00	8.984680e+00	8.422337e+00	1.407038e+01	1.231178e+01	1.108073e+01	1.015760e+01	9.432480e+00	1.355830e+01	1.220082e+01	1.118304e+01	1.228864e+01
43600	1.608148e+01	1.339756e+01	1.172012e+01	1.054612e+01	9.665837e+00	8.974366e+00	8.412674e+00	1.405423e+01	1.229770e+01	1.106808e+01	1.014603e+01	9.421746e+00	1.354278e+01	1.218688e+01	1.117027e+01	1.227463e+01
43700	1.606298e+01	1.338216e+01	1.170666e+01	1.053402e+01	9.654757e+00	8.964086e+00	8.403043e+00	1.403815e+01	1.228366e+01	1.105548e+01	1.013450e+01	9.411051e+00	1.352731e+01	1.217299e+01	1.115756e+01	1.226068e+01
43800	1.604454e+01	1.336682e+01	1.169325e+01	1.052196e+01	9.643714e+00	8.953840e+00	8.393443e+00	1.402212e+01	1.226967e+01	1.104292e+01	1.012301e+01	9.400394e+00	1.351189e+01	1.215914e+01	1.114489e+01	1.224677e+01
43900	1.602617e+01	1.335153e+01	1.167988e+01	1.050995e+01	9.632707e+00	8.943627e+00	8.383875e+00	1.400614e+01	1.225573e+01	1.103041e+01	1.011156e+01	9.389774e+00	1.349653e+01	1.214535e+01	1.113226e+01	1.223292e+01
44000	1.600786e+01	1.333629e+01	1.166656e+01	1.049797e+01	9.621737e+00	8.933448e+00	8.374337e+00	1.399023e+01	1.224184e+01	1.101794e+01	1.010016e+01	9.379192e+00	1.348123e+01	1.213161e+01	1.111968e+01	1.221912e+01
44100	1.598962e+01	1.332110e+01	1.165329e+01	1.048603e+01	9.610802e+00	8.923302e+00	8.364831e+00	1.397437e+01	1.222800e+01	1.100552e+01	1.008879e+01	9.368646e+00	1.346598e+01	1.211792e+01	1.110714e+01	1.220536e+01
44200	1.597144e+01	1.330597e+01	1.164006e+01	1.047413e+01	9.599904e+00	8.913188e+00	8.355355e+00	1.395856e+01	1.221421e+01	1.099313e+01	1.007746e+01	9.358136e+00	1.345078e+01	1.210427e+01	1.109465e+01	1.219166e+01
44300	1.595333e+01	1.329089e+01	1.162687e+01	1.046227e+01	9.589041e+00	8.903108e+00	8.345910e+00	1.394281e+01	1.220046e+01	1.098079e+01	1.006616e+01	9.347662e+00	1.343564e+01	1.209067e+01	1.108220e+01	1.217800e+01
44400	1.593529e+01	1.327586e+01	1.161373e+01	1.045045e+01	9.578213e+00	8.893061e+00	8.336495e+00	1.392711e+01	1.218676e+01	1.096849e+01	1.005491e+01	9.337223e+00	1.342055e+01	1.207711e+01	1.106979e+01	1.216439e+01
44500	1.591730e+01	1.326088e+01	1.160063e+01	1.043867e+01	9.567421e+00	8.883046e+00	8.327111e+00	1.391147e+01	1.217310e+01	1.095622e+01	1.004369e+01	9.326819e+00	1.340550e+01	1.206360e+01	1.105742e+01	1.215082e+01
44600	1.589938e+01	1.324595e+01	1.158757e+01	1.042693e+01	9.556664e+00	8.873063e+00	8.317756e+00	1.389588e+01	1.215949e+01	1.094400e+01	1.003251e+01	9.316449e+00	1.339051e+01	1.205014e+01	1.104509e+01	1.213730e+01
44700	1.588151e+01	1.323107e+01	1.157456e+01	1.041522e+01	9.545942e+00	8.863113e+00	8.308432e+00	1.388034e+01	1.214592e+01	1.093182e+01	1.002137e+01	9.306113e+00	1.337557e+01	1.203672e+01	1.103281e+01	1.212382e+01
44800	1.586371e+01	1.321624e+01	1.156159e+01	1.040356e+01	9.535255e+00	8.853195e+00	8.299137e+00	1.386485e+01	1.213240e+01	1.091968e+01	1.001026e+01	9.295811e+00	1.336068e+01	1.202334e+01	1.102056e+01	1.211039e+01
44900	1.584596e+01	1.320145e+01	1.154866e+01	1.039193e+01	9.524603e+00	8.843309e+00	8.289873e+00	1.384941e+01	1.211892e+01	1.090758e+01	9.999190e+00	9.285542e+00	1.334583e+01	1.201001e+01	1.100836e+01	1.209700e+01
45000	1.582828e+01	1.318672e+01	1.153577e+01	1.038034e+01	9.513986e+00	8.833455e+00	8.280637e+00	1.383402e+01	1.210549e+01	1.089552e+01	9.988154e+00	9.275305e+00	1.333104e+01	1.199673e+01	1.099619e+01	1.208366e+01
