300	3.670905e+01	3.259346e+01	3.041807e+01	2.904518e+01	2.806119e+01	2.729641e+01	2.666951e+01	4.040485e+01	3.702944e+01	3.497358e+01	3.358646e+01	3.256907e+01	3.493340e+01	3.298874e+01	3.166361e+01	3.704961e+01
400	3.353669e+01	3.035385e+01	2.861399e+01	2.746157e+01	2.660017e+01	2.590694e+01	2.532142e+01	3.701844e+01	3.443052e+01	3.284066e+01	3.173892e+01	3.091140e+01	3.245627e+01	3.093121e+01	2.985353e+01	3.454074e+01
500	3.156785e+01	2.890498e+01	2.739211e+01	2.634718e+01	2.553937e+01	2.487179e+01	2.429639e+01	3.492853e+01	3.280790e+01	3.147575e+01	3.053136e+01	2.980799e+01	3.088325e+01	2.957564e+01	2.862140e+01	3.297773e+01
600	3.020259e+01	2.785074e+01	2.646656e+01	2.547718e+01	2.469244e+01	2.403229e+01	2.345703e+01	3.349141e+01	3.166903e+01	3.049659e+01	2.964677e+01	2.898102e+01	2.975246e+01	2.857267e+01	2.769034e+01	3.187438e+01
700	2.918147e+01	2.702359e+01	2.571606e+01	2.475587e+01	2.398029e+01	2.332100e+01	2.274382e+01	3.242848e+01	3.080674e+01	2.973808e+01	2.894497e+01	2.830823e+01	2.887606e+01	2.777861e+01	2.694282e+01	3.103081e+01
800	2.835207e+01	2.633939e+01	2.508048e+01	2.413570e+01	2.336321e+01	2.270301e+01	2.212446e+01	3.160018e+01	3.011683e+01	2.911627e+01	2.835554e+01	2.773047e+01	2.816273e+01	2.712195e+01	2.631804e+01	3.034949e+01
900	2.765966e+01	2.575414e+01	2.452655e+01	2.358986e+01	2.281812e+01	2.215713e+01	2.157838e+01	3.092614e+01	2.954128e+01	2.858498e+01	2.784092e+01	2.721745e+01	2.756194e+01	2.656170e+01	2.578007e+01	2.977728e+01
1000	2.706816e+01	2.524136e+01	2.403429e+01	2.310187e+01	2.233021e+01	2.166915e+01	2.109131e+01	3.035852e+01	2.904506e+01	2.811675e+01	2.737946e+01	2.675224e+01	2.704312e+01	2.607259e+01	2.530648e+01	2.928221e+01
1100	2.655234e+01	2.478382e+01	2.359048e+01	2.266048e+01	2.188908e+01	2.122878e+01	2.065274e+01	2.986857e+01	2.860694e+01	2.769530e+01	2.695858e+01	2.632492e+01	2.658585e+01	2.563746e+01	2.488212e+01	2.884481e+01
1200	2.609484e+01	2.437006e+01	2.318612e+01	2.225773e+01	2.148704e+01	2.082824e+01	2.025467e+01	2.943666e+01	2.821258e+01	2.730993e+01	2.657014e+01	2.592904e+01	2.617677e+01	2.524486e+01	2.449676e+01	2.845141e+01
1300	2.568352e+01	2.399207e+01	2.281478e+01	2.188773e+01	2.111823e+01	2.046153e+01	1.989088e+01	2.904916e+01	2.785206e+01	2.695331e+01	2.620855e+01	2.556002e+01	2.580638e+01	2.488665e+01	2.414316e+01	2.809261e+01
1400	2.530947e+01	2.364385e+01	2.247150e+01	2.154581e+01	2.077798e+01	2.012384e+01	1.955640e+01	2.869711e+01	2.751900e+01	2.662064e+01	2.586999e+01	2.521450e+01	2.546735e+01	2.455663e+01	2.381594e+01	2.776204e+01
1500	2.496610e+01	2.332083e+01	2.215239e+01	2.122828e+01	2.046254e+01	1.981129e+01	1.924725e+01	2.837392e+01	2.720876e+01	2.630848e+01	2.555162e+01	2.488987e+01	2.515430e+01	2.425024e+01	2.351108e+01	2.745499e+01
1600	2.464852e+01	2.301953e+01	2.185440e+01	2.093211e+01	2.016883e+01	1.952070e+01	1.896015e+01	2.807445e+01	2.691778e+01	2.601413e+01	2.525118e+01	2.458397e+01	2.486323e+01	2.396400e+01	2.322549e+01	2.716767e+01
1700	2.435299e+01	2.273726e+01	2.157506e+01	2.065484e+01	1.989429e+01	1.924945e+01	1.869243e+01	2.779475e+01	2.664329e+01	2.573549e+01	2.496682e+01	2.429496e+01	2.459107e+01	2.369524e+01	2.295679e+01	2.689725e+01
1800	2.407659e+01	2.247181e+01	2.131233e+01	2.039440e+01	1.963678e+01	1.899532e+01	1.844182e+01	2.753176e+01	2.638316e+01	2.547086e+01	2.469701e+01	2.402128e+01	2.433535e+01	2.344181e+01	2.270301e+01	2.664147e+01
1900	2.381690e+01	2.222134e+01	2.106448e+01	2.014903e+01	1.939450e+01	1.875645e+01	1.820643e+01	2.728331e+01	2.613582e+01	2.521894e+01	2.444046e+01	2.376159e+01	2.409404e+01	2.320198e+01	2.246259e+01	2.639866e+01
2000	2.357192e+01	2.198429e+01	2.083002e+01	1.991722e+01	1.916587e+01	1.853126e+01	1.798466e+01	2.704768e+01	2.589998e+01	2.497860e+01	2.419606e+01	2.351471e+01	2.386541e+01	2.297425e+01	2.223417e+01	2.616742e+01
2100	2.333999e+01	2.175930e+01	2.060767e+01	1.969768e+01	1.894958e+01	1.831839e+01	1.777514e+01	2.682349e+01	2.567459e+01	2.474889e+01	2.396285e+01	2.327958e+01	2.364808e+01	2.275743e+01	2.201665e+01	2.594660e+01
2200	2.311976e+01	2.154525e+01	2.039632e+01	1.948926e+01	1.874446e+01	1.811664e+01	1.757667e+01	2.660951e+01	2.545874e+01	2.452896e+01	2.373994e+01	2.305526e+01	2.344091e+01	2.255049e+01	2.180904e+01	2.573520e+01
2300	2.291007e+01	2.134118e+01	2.019502e+01	1.929099e+01	1.854951e+01	1.792503e+01	1.738823e+01	2.640473e+01	2.525163e+01	2.431809e+01	2.352658e+01	2.284094e+01	2.324294e+01	2.235257e+01	2.161054e+01	2.553240e+01
2400	2.270999e+01	2.114625e+01	2.000294e+01	1.910200e+01	1.836384e+01	1.774263e+01	1.720893e+01	2.620830e+01	2.505260e+01	2.411563e+01	2.332207e+01	2.263585e+01	2.305339e+01	2.216294e+01	2.142042e+01	2.533748e+01
2500	2.251871e+01	2.095974e+01	1.981932e+01	1.892154e+01	1.818667e+01	1.756868e+01	1.703798e+01	2.601947e+01	2.486104e+01	2.392098e+01	2.312580e+01	2.243934e+01	2.287155e+01	2.198094e+01	2.123804e+01	2.514983e+01
2600	2.233550e+01	2.078101e+01	1.964354e+01	1.874893e+01	1.801734e+01	1.740249e+01	1.687469e+01	2.583758e+01	2.467643e+01	2.373365e+01	2.293721e+01	2.225079e+01	2.269683e+01	2.180601e+01	2.106284e+01	2.496892e+01
2700	2.215975e+01	2.060949e+01	1.947499e+01	1.858358e+01	1.785521e+01	1.724343e+01	1.671846e+01	2.566212e+01	2.449829e+01	2.355313e+01	2.275578e+01	2.206965e+01	2.252867e+01	2.163764e+01	2.089432e+01	2.479428e+01
2800	2.199088e+01	2.044464e+01	1.931315e+01	1.842493e+01	1.769975e+01	1.709096e+01	1.656873e+01	2.549261e+01	2.432621e+01	2.337901e+01	2.258105e+01	2.189542e+01	2.236660e+01	2.147537e+01	2.073202e+01	2.462550e+01
2900	2.182840e+01	2.028603e+01	1.915757e+01	1.827253e+01	1.755048e+01	1.694461e+01	1.642504e+01	2.532866e+01	2.415984e+01	2.321090e+01	2.241260e+01	2.172765e+01	2.221020e+01	2.131881e+01	2.057555e+01	2.446221e+01
3000	2.167184e+01	2.013321e+01	1.900779e+01	1.812592e+01	1.740696e+01	1.680393e+01	1.628693e+01	2.516993e+01	2.399882e+01	2.304844e+01	2.225004e+01	2.156593e+01	2.205908e+01	2.116759e+01	2.042452e+01	2.430409e+01
3100	2.152081e+01	1.998581e+01	1.886345e+01	1.798472e+01	1.726878e+01	1.666853e+01	1.615402e+01	2.501610e+01	2.384286e+01	2.289131e+01	2.209302e+01	2.140988e+01	2.191291e+01	2.102137e+01	2.027861e+01	2.415081e+01
3200	2.137492e+01	1.984348e+01	1.872418e+01	1.784858e+01	1.713560e+01	1.653805e+01	1.602595e+01	2.486689e+01	2.369169e+01	2.273921e+01	2.194122e+01	2.125917e+01	2.177138e+01	2.087987e+01	2.013751e+01	2.400213e+01
3300	2.123387e+01	1.970591e+01	1.858969e+01	1.771717e+01	1.700710e+01	1.641217e+01	1.590243e+01	2.472205e+01	2.354504e+01	2.259186e+01	2.179433e+01	2.111346e+01	2.163422e+01	2.074281e+01	2.000094e+01	2.385779e+01
3400	2.109734e+01	1.957282e+01	1.845967e+01	1.759020e+01	1.688297e+01	1.629061e+01	1.578314e+01	2.458134e+01	2.340269e+01	2.244900e+01	2.165209e+01	2.097247e+01	2.150116e+01	2.060993e+01	1.986864e+01	2.371756e+01
3500	2.096507e+01	1.944394e+01	1.833385e+01	1.746739e+01	1.676295e+01	1.617309e+01	1.566783e+01	2.444455e+01	2.326440e+01	2.231041e+01	2.151422e+01	2.083593e+01	2.137199e+01	2.048101e+01	1.974038e+01	2.358123e+01
3600	2.083680e+01	1.931903e+01	1.821200e+01	1.734852e+01	1.664681e+01	1.605937e+01	1.555626e+01	2.431146e+01	2.312999e+01	2.217585e+01	2.138051e+01	2.070360e+01	2.124650e+01	2.035584e+01	1.961594e+01	2.344860e+01
3700	2.071229e+01	1.919787e+01	1.809390e+01	1.723335e+01	1.653431e+01	1.594924e+01	1.544822e+01	2.418191e+01	2.299925e+01	2.204513e+01	2.125074e+01	2.057525e+01	2.112449e+01	2.023423e+01	1.949512e+01	2.331950e+01
3800	2.059134e+01	1.908027e+01	1.797933e+01	1.712167e+01	1.642524e+01	1.584248e+01	1.534349e+01	2.405570e+01	2.287202e+01	2.191806e+01	2.112469e+01	2.045066e+01	2.100579e+01	2.011599e+01	1.937774e+01	2.319375e+01
3900	2.047375e+01	1.896602e+01	1.786811e+01	1.701329e+01	1.631942e+01	1.573891e+01	1.524189e+01	2.393269e+01	2.274812e+01	2.179445e+01	2.100219e+01	2.032964e+01	2.089023e+01	2.000096e+01	1.926361e+01	2.307121e+01
4000	2.035938e+01	1.885498e+01	1.776006e+01	1.690804e+01	1.621667e+01	1.563835e+01	1.514326e+01	2.381271e+01	2.262740e+01	2.167414e+01	2.088305e+01	2.021201e+01	2.077767e+01	1.988898e+01	1.915259e+01	2.295173e+01
4100	2.024805e+01	1.874697e+01	1.765502e+01	1.680577e+01	1.611684e+01	1.554066e+01	1.504744e+01	2.369563e+01	2.250973e+01	2.155699e+01	2.076712e+01	2.009760e+01	2.066796e+01	1.977992e+01	1.904452e+01	2.283517e+01
4200	2.013965e+01	1.864184e+01	1.755285e+01	1.670630e+01	1.601977e+01	1.544568e+01	1.495428e+01	2.358132e+01	2.239496e+01	2.144284e+01	2.065425e+01	1.998626e+01	2.056098e+01	1.967363e+01	1.893927e+01	2.272141e+01
4300	2.003402e+01	1.853947e+01	1.745339e+01	1.660951e+01	1.592533e+01	1.535327e+01	1.486364e+01	2.346966e+01	2.228297e+01	2.133155e+01	2.054427e+01	1.987783e+01	2.045660e+01	1.956998e+01	1.883669e+01	2.261032e+01
4400	1.993104e+01	1.843971e+01	1.735652e+01	1.651526e+01	1.583337e+01	1.526331e+01	1.477541e+01	2.336055e+01	2.217363e+01	2.122301e+01	2.043708e+01	1.977218e+01	2.035471e+01	1.946887e+01	1.873668e+01	2.250180e+01
4500	1.983059e+01	1.834246e+01	1.726212e+01	1.642344e+01	1.574380e+01	1.517567e+01	1.468947e+01	2.325387e+01	2.206685e+01	2.111709e+01	2.033254e+01	1.966919e+01	2.025520e+01	1.937019e+01	1.863912e+01	2.239574e+01
4600	1.973256e+01	1.824759e+01	1.717008e+01	1.633393e+01	1.565649e+01	1.509026e+01	1.460570e+01	2.314953e+01	2.196252e+01	2.101369e+01	2.023054e+01	1.956873e+01	2.015797e+01	1.927382e+01	1.854390e+01	2.229206e+01
4700	1.963685e+01	1.815501e+01	1.708029e+01	1.624663e+01	1.557134e+01	1.500697e+01	1.452402e+01	2.304743e+01	2.186054e+01	2.091269e+01	2.013096e+01	1.947069e+01	2.006293e+01	1.917968e+01	1.845093e+01	2.219064e+01
4800	1.954334e+01	1.806461e+01	1.699265e+01	1.616143e+01	1.548825e+01	1.492570e+01	1.444431e+01	2.294749e+01	2.176080e+01	2.081400e+01	2.003371e+01	1.937497e+01	1.996999e+01	1.908767e+01	1.836009e+01	2.209140e+01
4900	1.945196e+01	1.797630e+01	1.690707e+01	1.607825e+01	1.540714e+01	1.484635e+01	1.436650e+01	2.284963e+01	2.166323e+01	2.071752e+01	1.993868e+01	1.928146e+01	1.987906e+01	1.899770e+01	1.827132e+01	2.199426e+01
5000	1.936262e+01	1.788999e+01	1.682345e+01	1.599700e+01	1.532791e+01	1.476886e+01	1.429051e+01	2.275377e+01	2.156775e+01	2.062317e+01	1.984578e+01	1.919008e+01	1.979006e+01	1.890969e+01	1.818452e+01	2.189915e+01
5100	1.927522e+01	1.780560e+01	1.674172e+01	1.591759e+01	1.525049e+01	1.469314e+01	1.421625e+01	2.265984e+01	2.147427e+01	2.053086e+01	1.975494e+01	1.910074e+01	1.970293e+01	1.882357e+01	1.809962e+01	2.180598e+01
5200	1.918971e+01	1.772307e+01	1.666181e+01	1.583996e+01	1.517481e+01	1.461911e+01	1.414366e+01	2.256776e+01	2.138272e+01	2.044051e+01	1.966606e+01	1.901336e+01	1.961759e+01	1.873927e+01	1.801655e+01	2.171470e+01
5300	1.910600e+01	1.764230e+01	1.658364e+01	1.576403e+01	1.510078e+01	1.454672e+01	1.407267e+01	2.247748e+01	2.129303e+01	2.035206e+01	1.957908e+01	1.892785e+01	1.953398e+01	1.865671e+01	1.793522e+01	2.162522e+01
5400	1.902402e+01	1.756324e+01	1.650713e+01	1.568973e+01	1.502835e+01	1.447588e+01	1.400320e+01	2.238893e+01	2.120513e+01	2.026542e+01	1.949391e+01	1.884415e+01	1.945203e+01	1.857584e+01	1.785558e+01	2.153749e+01
5500	1.894371e+01	1.748581e+01	1.643222e+01	1.561699e+01	1.495745e+01	1.440653e+01	1.393521e+01	2.230205e+01	2.111896e+01	2.018053e+01	1.941049e+01	1.876218e+01	1.937168e+01	1.849658e+01	1.777757e+01	2.145144e+01
5600	1.886500e+01	1.740996e+01	1.635886e+01	1.554576e+01	1.488801e+01	1.433863e+01	1.386863e+01	2.221679e+01	2.103445e+01	2.009733e+01	1.932876e+01	1.868189e+01	1.929288e+01	1.841889e+01	1.770111e+01	2.136703e+01
5700	1.878784e+01	1.733563e+01	1.628698e+01	1.547598e+01	1.482000e+01	1.427212e+01	1.380341e+01	2.213309e+01	2.095156e+01	2.001576e+01	1.924865e+01	1.860320e+01	1.921557e+01	1.834270e+01	1.762617e+01	2.128419e+01
5800	1.871217e+01	1.726276e+01	1.621654e+01	1.540760e+01	1.475336e+01	1.420695e+01	1.373950e+01	2.205091e+01	2.087023e+01	1.993576e+01	1.917012e+01	1.852607e+01	1.913971e+01	1.826797e+01	1.755268e+01	2.120288e+01
5900	1.863794e+01	1.719131e+01	1.614748e+01	1.534057e+01	1.468803e+01	1.414306e+01	1.367685e+01	2.197019e+01	2.079041e+01	1.985728e+01	1.909309e+01	1.845043e+01	1.906524e+01	1.819465e+01	1.748060e+01	2.112304e+01
6000	1.856509e+01	1.712122e+01	1.607975e+01	1.527483e+01	1.462396e+01	1.408041e+01	1.361541e+01	2.189088e+01	2.071204e+01	1.978027e+01	1.901751e+01	1.837623e+01	1.899212e+01	1.812269e+01	1.740987e+01	2.104462e+01
6100	1.849359e+01	1.705243e+01	1.601329e+01	1.521034e+01	1.456111e+01	1.401895e+01	1.355515e+01	2.181296e+01	2.063507e+01	1.970466e+01	1.894335e+01	1.830342e+01	1.892031e+01	1.805203e+01	1.734045e+01	2.096758e+01
6200	1.842337e+01	1.698492e+01	1.594808e+01	1.514706e+01	1.449944e+01	1.395865e+01	1.349602e+01	2.173636e+01	2.055947e+01	1.963043e+01	1.887054e+01	1.823196e+01	1.884975e+01	1.798264e+01	1.727229e+01	2.089188e+01
6300	1.835441e+01	1.691864e+01	1.588406e+01	1.508494e+01	1.443892e+01	1.389946e+01	1.343798e+01	2.166105e+01	2.048518e+01	1.955752e+01	1.879904e+01	1.816179e+01	1.878042e+01	1.791448e+01	1.720535e+01	2.081747e+01
6400	1.828666e+01	1.685354e+01	1.582121e+01	1.502395e+01	1.437949e+01	1.384135e+01	1.338100e+01	2.158700e+01	2.041218e+01	1.948589e+01	1.872882e+01	1.809288e+01	1.871227e+01	1.784751e+01	1.713960e+01	2.074433e+01
6500	1.822008e+01	1.678958e+01	1.575947e+01	1.496406e+01	1.432112e+01	1.378428e+01	1.332504e+01	2.151416e+01	2.034042e+01	1.941551e+01	1.865984e+01	1.802519e+01	1.864527e+01	1.778169e+01	1.707500e+01	2.067240e+01
6600	1.815464e+01	1.672674e+01	1.569881e+01	1.490522e+01	1.426379e+01	1.372821e+01	1.327006e+01	2.144250e+01	2.026986e+01	1.934633e+01	1.859204e+01	1.795867e+01	1.857939e+01	1.771699e+01	1.701151e+01	2.060166e+01
6700	1.809029e+01	1.666498e+01	1.563920e+01	1.484740e+01	1.420745e+01	1.367312e+01	1.321604e+01	2.137199e+01	2.020046e+01	1.927832e+01	1.852540e+01	1.789329e+01	1.851458e+01	1.765337e+01	1.694909e+01	2.053206e+01
6800	1.802701e+01	1.660426e+01	1.558061e+01	1.479056e+01	1.415207e+01	1.361897e+01	1.316294e+01	2.130259e+01	2.013219e+01	1.921143e+01	1.845987e+01	1.782901e+01	1.845082e+01	1.759080e+01	1.688771e+01	2.046357e+01
6900	1.796477e+01	1.654454e+01	1.552299e+01	1.473468e+01	1.409762e+01	1.356573e+01	1.311074e+01	2.123427e+01	2.006502e+01	1.914563e+01	1.839542e+01	1.776580e+01	1.838808e+01	1.752925e+01	1.682734e+01	2.039617e+01
7000	1.790352e+01	1.648581e+01	1.546633e+01	1.467972e+01	1.404408e+01	1.351337e+01	1.305940e+01	2.116700e+01	1.999891e+01	1.908090e+01	1.833203e+01	1.770362e+01	1.832632e+01	1.746868e+01	1.676795e+01	2.032982e+01
7100	1.784325e+01	1.642802e+01	1.541059e+01	1.462566e+01	1.399141e+01	1.346187e+01	1.300891e+01	2.110075e+01	1.993384e+01	1.901720e+01	1.826965e+01	1.764245e+01	1.826553e+01	1.740907e+01	1.670952e+01	2.026449e+01
7200	1.778392e+01	1.637115e+01	1.535575e+01	1.457248e+01	1.393960e+01	1.341121e+01	1.295923e+01	2.103549e+01	1.986978e+01	1.895450e+01	1.820827e+01	1.758225e+01	1.820567e+01	1.735040e+01	1.665201e+01	2.020015e+01
7300	1.772551e+01	1.631518e+01	1.530178e+01	1.452014e+01	1.388861e+01	1.336135e+01	1.291034e+01	2.097121e+01	1.980669e+01	1.889278e+01	1.814785e+01	1.752300e+01	1.814672e+01	1.729263e+01	1.659540e+01	2.013679e+01
7400	1.766799e+01	1.626009e+01	1.524866e+01	1.446863e+01	1.383842e+01	1.331228e+01	1.286222e+01	2.090786e+01	1.974456e+01	1.883200e+01	1.808836e+01	1.746467e+01	1.808865e+01	1.723574e+01	1.653965e+01	2.007436e+01
7500	1.761134e+01	1.620583e+01	1.519636e+01	1.441791e+01	1.378901e+01	1.326396e+01	1.281485e+01	2.084543e+01	1.968335e+01	1.877214e+01	1.802978e+01	1.740723e+01	1.803144e+01	1.717971e+01	1.648476e+01	2.001285e+01
7600	1.755554e+01	1.615240e+01	1.514485e+01	1.436797e+01	1.374035e+01	1.321639e+01	1.276820e+01	2.078389e+01	1.962304e+01	1.871318e+01	1.797208e+01	1.735066e+01	1.797506e+01	1.712451e+01	1.643069e+01	1.995223e+01
7700	1.750056e+01	1.609976e+01	1.509411e+01	1.431878e+01	1.369243e+01	1.316953e+01	1.272226e+01	2.072322e+01	1.956360e+01	1.865508e+01	1.791523e+01	1.729493e+01	1.791950e+01	1.707012e+01	1.637741e+01	1.989248e+01
7800	1.744637e+01	1.604791e+01	1.504413e+01	1.427032e+01	1.364522e+01	1.312337e+01	1.267700e+01	2.066340e+01	1.950502e+01	1.859783e+01	1.785922e+01	1.724002e+01	1.786473e+01	1.701651e+01	1.632492e+01	1.983357e+01
7900	1.739296e+01	1.599680e+01	1.499489e+01	1.422257e+01	1.359871e+01	1.307789e+01	1.263240e+01	2.060440e+01	1.944727e+01	1.854140e+01	1.780401e+01	1.718591e+01	1.781073e+01	1.696367e+01	1.627319e+01	1.977548e+01
8000	1.734031e+01	1.594643e+01	1.494635e+01	1.417552e+01	1.355287e+01	1.303307e+01	1.258846e+01	2.054621e+01	1.939032e+01	1.848577e+01	1.774960e+01	1.713257e+01	1.775748e+01	1.691159e+01	1.622219e+01	1.971821e+01
8100	1.728840e+01	1.589678e+01	1.489851e+01	1.412914e+01	1.350769e+01	1.298890e+01	1.254514e+01	2.048881e+01	1.933417e+01	1.843093e+01	1.769596e+01	1.708000e+01	1.770497e+01	1.686023e+01	1.617192e+01	1.966171e+01
8200	1.723720e+01	1.584783e+01	1.485135e+01	1.408342e+01	1.346315e+01	1.294535e+01	1.250245e+01	2.043217e+01	1.927879e+01	1.837685e+01	1.764307e+01	1.702816e+01	1.765317e+01	1.680958e+01	1.612234e+01	1.960598e+01
8300	1.718671e+01	1.579956e+01	1.480485e+01	1.403835e+01	1.341924e+01	1.290242e+01	1.246035e+01	2.037628e+01	1.922416e+01	1.832351e+01	1.759092e+01	1.697703e+01	1.760207e+01	1.675962e+01	1.607345e+01	1.955100e+01
8400	1.713690e+01	1.575195e+01	1.475899e+01	1.399389e+01	1.337593e+01	1.286007e+01	1.241883e+01	2.032112e+01	1.917026e+01	1.827090e+01	1.753947e+01	1.692661e+01	1.755165e+01	1.671034e+01	1.602523e+01	1.949674e+01
8500	1.708776e+01	1.570498e+01	1.471375e+01	1.395004e+01	1.333321e+01	1.281830e+01	1.237788e+01	2.026667e+01	1.911708e+01	1.821898e+01	1.748871e+01	1.687686e+01	1.750190e+01	1.666171e+01	1.597765e+01	1.944319e+01
8600	1.703927e+01	1.565865e+01	1.466913e+01	1.390678e+01	1.329107e+01	1.277710e+01	1.233748e+01	2.021292e+01	1.906458e+01	1.816776e+01	1.743863e+01	1.682778e+01	1.745279e+01	1.661373e+01	1.593071e+01	1.939034e+01
8700	1.699141e+01	1.561292e+01	1.462509e+01	1.386409e+01	1.324949e+01	1.273645e+01	1.229762e+01	2.015985e+01	1.901277e+01	1.811720e+01	1.738920e+01	1.677935e+01	1.740431e+01	1.656637e+01	1.588438e+01	1.933816e+01
8800	1.694417e+01	1.556780e+01	1.458164e+01	1.382197e+01	1.320846e+01	1.269633e+01	1.225828e+01	2.010744e+01	1.896162e+01	1.806730e+01	1.734042e+01	1.673155e+01	1.735645e+01	1.651963e+01	1.583866e+01	1.928664e+01
8900	1.689754e+01	1.552326e+01	1.453875e+01	1.378040e+01	1.316797e+01	1.265674e+01	1.221946e+01	2.005568e+01	1.891112e+01	1.801804e+01	1.729227e+01	1.668436e+01	1.730920e+01	1.647348e+01	1.579352e+01	1.923577e+01
9000	1.685150e+01	1.547929e+01	1.449641e+01	1.373937e+01	1.312800e+01	1.261766e+01	1.218115e+01	2.000456e+01	1.886126e+01	1.796941e+01	1.724473e+01	1.663778e+01	1.726253e+01	1.642791e+01	1.574896e+01	1.918553e+01
9100	1.680603e+01	1.543588e+01	1.445461e+01	1.369886e+01	1.308853e+01	1.257907e+01	1.214332e+01	1.995405e+01	1.881201e+01	1.792139e+01	1.719780e+01	1.659179e+01	1.721644e+01	1.638292e+01	1.570496e+01	1.913590e+01
9200	1.676113e+01	1.539302e+01	1.441335e+01	1.365886e+01	1.304957e+01	1.254098e+01	1.210597e+01	1.990416e+01	1.876337e+01	1.787396e+01	1.715145e+01	1.654637e+01	1.717092e+01	1.633848e+01	1.566151e+01	1.908689e+01
9300	1.671678e+01	1.535068e+01	1.437259e+01	1.361936e+01	1.301110e+01	1.250336e+01	1.206908e+01	1.985486e+01	1.871532e+01	1.782711e+01	1.710567e+01	1.650151e+01	1.712595e+01	1.629459e+01	1.561860e+01	1.903846e+01
9400	1.667297e+01	1.530887e+01	1.433234e+01	1.358035e+01	1.297310e+01	1.246621e+01	1.203266e+01	1.980614e+01	1.866785e+01	1.778084e+01	1.706045e+01	1.645720e+01	1.708151e+01	1.625123e+01	1.557621e+01	1.899061e+01
9500	1.662968e+01	1.526757e+01	1.429258e+01	1.354181e+01	1.293556e+01	1.242951e+01	1.199667e+01	1.975798e+01	1.862095e+01	1.773512e+01	1.701577e+01	1.641343e+01	1.703761e+01	1.620839e+01	1.553433e+01	1.894332e+01
9600	1.658691e+01	1.522676e+01	1.425330e+01	1.350374e+01	1.289848e+01	1.239325e+01	1.196113e+01	1.971039e+01	1.857459e+01	1.768994e+01	1.697162e+01	1.637018e+01	1.699421e+01	1.616606e+01	1.549295e+01	1.889658e+01
9700	1.654465e+01	1.518644e+01	1.421449e+01	1.346613e+01	1.286184e+01	1.235743e+01	1.192601e+01	1.966333e+01	1.852878e+01	1.764530e+01	1.692800e+01	1.632744e+01	1.695132e+01	1.612422e+01	1.545206e+01	1.885038e+01
9800	1.650288e+01	1.514659e+01	1.417614e+01	1.342896e+01	1.282564e+01	1.232204e+01	1.189130e+01	1.961681e+01	1.848349e+01	1.760117e+01	1.688489e+01	1.628520e+01	1.690893e+01	1.608287e+01	1.541165e+01	1.880471e+01
9900	1.646159e+01	1.510721e+01	1.413823e+01	1.339223e+01	1.278986e+01	1.228705e+01	1.185701e+01	1.957081e+01	1.843873e+01	1.755755e+01	1.684228e+01	1.624345e+01	1.686701e+01	1.604200e+01	1.537170e+01	1.875956e+01
10000	1.642077e+01	1.506828e+01	1.410077e+01	1.335592e+01	1.275449e+01	1.225248e+01	1.182311e+01	1.952533e+01	1.839447e+01	1.751444e+01	1.680015e+01	1.620218e+01	1.682557e+01	1.600159e+01	1.533222e+01	1.871492e+01
10100	1.638041e+01	1.502980e+01	1.406374e+01	1.332003e+01	1.271954e+01	1.221830e+01	1.178960e+01	1.948034e+01	1.835071e+01	1.747181e+01	1.675851e+01	1.616138e+01	1.678460e+01	1.596164e+01	1.529318e+01	1.867077e+01
10200	1.634051e+01	1.499175e+01	1.402712e+01	1.328456e+01	1.268498e+01	1.218452e+01	1.175648e+01	1.943585e+01	1.830743e+01	1.742966e+01	1.671733e+01	1.612104e+01	1.674408e+01	1.592214e+01	1.525459e+01	1.862712e+01
10300	1.630105e+01	1.495414e+01	1.399093e+01	1.324948e+01	1.265081e+01	1.215111e+01	1.172372e+01	1.939183e+01	1.826464e+01	1.738798e+01	1.667662e+01	1.608115e+01	1.670400e+01	1.588308e+01	1.521642e+01	1.858394e+01
10400	1.626202e+01	1.491694e+01	1.395513e+01	1.321479e+01	1.261703e+01	1.211808e+01	1.169134e+01	1.934830e+01	1.822231e+01	1.734676e+01	1.663635e+01	1.604170e+01	1.666437e+01	1.584445e+01	1.517868e+01	1.854123e+01
10500	1.622342e+01	1.488014e+01	1.391973e+01	1.318049e+01	1.258361e+01	1.208542e+01	1.165931e+01	1.930522e+01	1.818044e+01	1.730598e+01	1.659652e+01	1.600268e+01	1.662516e+01	1.580624e+01	1.514135e+01	1.849897e+01
10600	1.618524e+01	1.484376e+01	1.388472e+01	1.314656e+01	1.255057e+01	1.205311e+01	1.162764e+01	1.926260e+01	1.813901e+01	1.726565e+01	1.655713e+01	1.596409e+01	1.658636e+01	1.576844e+01	1.510442e+01	1.845717e+01
10700	1.614747e+01	1.480776e+01	1.385008e+01	1.311300e+01	1.251788e+01	1.202115e+01	1.159631e+01	1.922042e+01	1.809803e+01	1.722574e+01	1.651815e+01	1.592591e+01	1.654798e+01	1.573104e+01	1.506789e+01	1.841580e+01
10800	1.611010e+01	1.477215e+01	1.381582e+01	1.307979e+01	1.248554e+01	1.198953e+01	1.156531e+01	1.917868e+01	1.805748e+01	1.718626e+01	1.647959e+01	1.588813e+01	1.651000e+01	1.569404e+01	1.503175e+01	1.837487e+01
10900	1.607312e+01	1.473691e+01	1.378192e+01	1.304695e+01	1.245354e+01	1.195825e+01	1.153465e+01	1.913736e+01	1.801735e+01	1.714720e+01	1.644143e+01	1.585075e+01	1.647241e+01	1.565743e+01	1.499599e+01	1.833436e+01
11000	1.603653e+01	1.470205e+01	1.374838e+01	1.301444e+01	1.242189e+01	1.192730e+01	1.150430e+01	1.909647e+01	1.797763e+01	1.710853e+01	1.640367e+01	1.581376e+01	1.643522e+01	1.562120e+01	1.496060e+01	1.829426e+01
11100	1.600032e+01	1.466755e+01	1.371519e+01	1.298228e+01	1.239056e+01	1.189668e+01	1.147428e+01	1.905599e+01	1.793832e+01	1.707027e+01	1.636630e+01	1.577716e+01	1.639840e+01	1.558534e+01	1.492558e+01	1.825457e+01
11200	1.596447e+01	1.463340e+01	1.368234e+01	1.295045e+01	1.235956e+01	1.186637e+01	1.144457e+01	1.901591e+01	1.789941e+01	1.703240e+01	1.632932e+01	1.574093e+01	1.636195e+01	1.554984e+01	1.489092e+01	1.821529e+01
11300	1.592899e+01	1.459961e+01	1.364983e+01	1.291895e+01	1.232887e+01	1.183637e+01	1.141516e+01	1.897623e+01	1.786090e+01	1.699491e+01	1.629271e+01	1.570506e+01	1.632587e+01	1.551471e+01	1.485661e+01	1.817639e+01
11400	1.589387e+01	1.456615e+01	1.361765e+01	1.288777e+01	1.229850e+01	1.180668e+01	1.138605e+01	1.893695e+01	1.782276e+01	1.695780e+01	1.625647e+01	1.566956e+01	1.629016e+01	1.547993e+01	1.482264e+01	1.813789e+01
11500	1.585910e+01	1.453303e+01	1.358579e+01	1.285690e+01	1.226844e+01	1.177729e+01	1.135724e+01	1.889804e+01	1.778501e+01	1.692106e+01	1.622059e+01	1.563442e+01	1.625479e+01	1.544550e+01	1.478902e+01	1.809976e+01
11600	1.582467e+01	1.450025e+01	1.355425e+01	1.282634e+01	1.223868e+01	1.174820e+01	1.132872e+01	1.885951e+01	1.774763e+01	1.688469e+01	1.618507e+01	1.559962e+01	1.621977e+01	1.541141e+01	1.475573e+01	1.806200e+01
11700	1.579058e+01	1.446779e+01	1.352303e+01	1.279609e+01	1.220922e+01	1.171939e+01	1.130048e+01	1.882136e+01	1.771061e+01	1.684867e+01	1.614989e+01	1.556517e+01	1.618509e+01	1.537765e+01	1.472277e+01	1.802462e+01
11800	1.575682e+01	1.443564e+01	1.349211e+01	1.276613e+01	1.218004e+01	1.169087e+01	1.127252e+01	1.878356e+01	1.767395e+01	1.681300e+01	1.611506e+01	1.553105e+01	1.615075e+01	1.534422e+01	1.469013e+01	1.798758e+01
11900	1.572339e+01	1.440381e+01	1.346150e+01	1.273647e+01	1.215115e+01	1.166263e+01	1.124483e+01	1.874613e+01	1.763764e+01	1.677767e+01	1.608057e+01	1.549725e+01	1.611674e+01	1.531112e+01	1.465781e+01	1.795091e+01
12000	1.569028e+01	1.437229e+01	1.343118e+01	1.270709e+01	1.212254e+01	1.163466e+01	1.121741e+01	1.870904e+01	1.760167e+01	1.674268e+01	1.604640e+01	1.546379e+01	1.608304e+01	1.527832e+01	1.462579e+01	1.791457e+01
12100	1.565748e+01	1.434107e+01	1.340115e+01	1.267800e+01	1.209420e+01	1.160695e+01	1.119026e+01	1.867230e+01	1.756605e+01	1.670802e+01	1.601255e+01	1.543063e+01	1.604967e+01	1.524584e+01	1.459408e+01	1.787858e+01
12200	1.562500e+01	1.431014e+01	1.337141e+01	1.264918e+01	1.206613e+01	1.157951e+01	1.116336e+01	1.863590e+01	1.753075e+01	1.667368e+01	1.597903e+01	1.539779e+01	1.601660e+01	1.521366e+01	1.456267e+01	1.784292e+01
12300	1.559281e+01	1.427951e+01	1.334194e+01	1.262063e+01	1.203833e+01	1.155233e+01	1.113671e+01	1.859983e+01	1.749578e+01	1.663967e+01	1.594581e+01	1.536526e+01	1.598384e+01	1.518179e+01	1.453155e+01	1.780758e+01
12400	1.556093e+01	1.424916e+01	1.331275e+01	1.259235e+01	1.201078e+01	1.152541e+01	1.111032e+01	1.856409e+01	1.746114e+01	1.660597e+01	1.591291e+01	1.533303e+01	1.595138e+01	1.515021e+01	1.450072e+01	1.777258e+01
12500	1.552933e+01	1.421909e+01	1.328384e+01	1.256433e+01	1.198350e+01	1.149874e+01	1.108417e+01	1.852866e+01	1.742681e+01	1.657257e+01	1.588030e+01	1.530109e+01	1.591922e+01	1.511891e+01	1.447017e+01	1.773788e+01
12600	1.549803e+01	1.418930e+01	1.325518e+01	1.253657e+01	1.195646e+01	1.147231e+01	1.105827e+01	1.849356e+01	1.739279e+01	1.653949e+01	1.584800e+01	1.526945e+01	1.588735e+01	1.508791e+01	1.443991e+01	1.770350e+01
12700	1.546701e+01	1.415978e+01	1.322679e+01	1.250907e+01	1.192967e+01	1.144612e+01	1.103260e+01	1.845877e+01	1.735907e+01	1.650670e+01	1.581598e+01	1.523809e+01	1.585576e+01	1.505718e+01	1.440992e+01	1.766943e+01
12800	1.543627e+01	1.413052e+01	1.319866e+01	1.248181e+01	1.190313e+01	1.142017e+01	1.100716e+01	1.842428e+01	1.732566e+01	1.647420e+01	1.578426e+01	1.520701e+01	1.582446e+01	1.502673e+01	1.438019e+01	1.763566e+01
12900	1.540580e+01	1.410153e+01	1.317078e+01	1.245480e+01	1.187683e+01	1.139446e+01	1.098196e+01	1.839010e+01	1.729254e+01	1.644199e+01	1.575281e+01	1.517621e+01	1.579343e+01	1.499655e+01	1.435074e+01	1.760219e+01
13000	1.537560e+01	1.407280e+01	1.314315e+01	1.242803e+01	1.185076e+01	1.136898e+01	1.095698e+01	1.835621e+01	1.725972e+01	1.641007e+01	1.572165e+01	1.514568e+01	1.576268e+01	1.496664e+01	1.432154e+01	1.756901e+01
13100	1.534566e+01	1.404432e+01	1.311577e+01	1.240150e+01	1.182492e+01	1.134372e+01	1.093222e+01	1.832262e+01	1.722718e+01	1.637843e+01	1.569075e+01	1.511542e+01	1.573219e+01	1.493698e+01	1.429260e+01	1.753612e+01
13200	1.531599e+01	1.401609e+01	1.308863e+01	1.237521e+01	1.179931e+01	1.131868e+01	1.090768e+01	1.828931e+01	1.719492e+01	1.634706e+01	1.566013e+01	1.508543e+01	1.570197e+01	1.490759e+01	1.426392e+01	1.750352e+01
13300	1.528658e+01	1.398811e+01	1.306172e+01	1.234914e+01	1.177392e+01	1.129387e+01	1.088335e+01	1.825629e+01	1.716294e+01	1.631596e+01	1.562977e+01	1.505569e+01	1.567200e+01	1.487845e+01	1.423548e+01	1.747119e+01
13400	1.525741e+01	1.396036e+01	1.303504e+01	1.232329e+01	1.174875e+01	1.126927e+01	1.085924e+01	1.822354e+01	1.713123e+01	1.628513e+01	1.559967e+01	1.502620e+01	1.564229e+01	1.484956e+01	1.420728e+01	1.743913e+01
13500	1.522850e+01	1.393286e+01	1.300860e+01	1.229767e+01	1.172380e+01	1.124488e+01	1.083533e+01	1.819107e+01	1.709979e+01	1.625456e+01	1.556982e+01	1.499697e+01	1.561284e+01	1.482092e+01	1.417933e+01	1.740734e+01
13600	1.519983e+01	1.390559e+01	1.298237e+01	1.227227e+01	1.169906e+01	1.122069e+01	1.081163e+01	1.815887e+01	1.706861e+01	1.622424e+01	1.554022e+01	1.496798e+01	1.558362e+01	1.479251e+01	1.415161e+01	1.737582e+01
13700	1.517140e+01	1.387855e+01	1.295637e+01	1.224708e+01	1.167453e+01	1.119671e+01	1.078813e+01	1.812693e+01	1.703769e+01	1.619418e+01	1.551088e+01	1.493924e+01	1.555466e+01	1.476435e+01	1.412413e+01	1.734456e+01
13800	1.514321e+01	1.385174e+01	1.293059e+01	1.222210e+01	1.165021e+01	1.117294e+01	1.076482e+01	1.809525e+01	1.700703e+01	1.616437e+01	1.548177e+01	1.491073e+01	1.552593e+01	1.473642e+01	1.409687e+01	1.731356e+01
13900	1.511526e+01	1.382515e+01	1.290502e+01	1.219733e+01	1.162608e+01	1.114936e+01	1.074171e+01	1.806384e+01	1.697662e+01	1.613481e+01	1.545291e+01	1.488246e+01	1.549743e+01	1.470872e+01	1.406984e+01	1.728281e+01
14000	1.508753e+01	1.379877e+01	1.287967e+01	1.217277e+01	1.160216e+01	1.112598e+01	1.071879e+01	1.803267e+01	1.694645e+01	1.610548e+01	1.542428e+01	1.485442e+01	1.546917e+01	1.468124e+01	1.404303e+01	1.725231e+01
14100	1.506003e+01	1.377262e+01	1.285452e+01	1.214841e+01	1.157844e+01	1.110279e+01	1.069607e+01	1.800176e+01	1.691654e+01	1.607640e+01	1.539589e+01	1.482661e+01	1.544114e+01	1.465399e+01	1.401644e+01	1.722205e+01
14200	1.503275e+01	1.374668e+01	1.282958e+01	1.212424e+01	1.155491e+01	1.107979e+01	1.067352e+01	1.797109e+01	1.688686e+01	1.604754e+01	1.536772e+01	1.479902e+01	1.541334e+01	1.462696e+01	1.399007e+01	1.719204e+01
14300	1.500569e+01	1.372095e+01	1.280484e+01	1.210028e+01	1.153157e+01	1.105698e+01	1.065117e+01	1.794067e+01	1.685742e+01	1.601893e+01	1.533979e+01	1.477166e+01	1.538575e+01	1.460015e+01	1.396391e+01	1.716227e+01
14400	1.497884e+01	1.369542e+01	1.278030e+01	1.207650e+01	1.150842e+01	1.103435e+01	1.062899e+01	1.791048e+01	1.682821e+01	1.599053e+01	1.531207e+01	1.474451e+01	1.535839e+01	1.457355e+01	1.393795e+01	1.713273e+01
14500	1.495221e+01	1.367010e+01	1.275596e+01	1.205292e+01	1.148546e+01	1.101191e+01	1.060699e+01	1.788053e+01	1.679924e+01	1.596237e+01	1.528458e+01	1.471758e+01	1.533124e+01	1.454717e+01	1.391221e+01	1.710343e+01
14600	1.492579e+01	1.364498e+01	1.273181e+01	1.202953e+01	1.146268e+01	1.098964e+01	1.058517e+01	1.785082e+01	1.677049e+01	1.593442e+01	1.525730e+01	1.469086e+01	1.530431e+01	1.452099e+01	1.388667e+01	1.707436e+01
14700	1.489958e+01	1.362006e+01	1.270785e+01	1.200632e+01	1.144008e+01	1.096755e+01	1.056352e+01	1.782133e+01	1.674196e+01	1.590670e+01	1.523023e+01	1.466435e+01	1.527758e+01	1.449502e+01	1.386133e+01	1.704551e+01
14800	1.487357e+01	1.359534e+01	1.268408e+01	1.198329e+01	1.141765e+01	1.094564e+01	1.054204e+01	1.779207e+01	1.671366e+01	1.587919e+01	1.520337e+01	1.463805e+01	1.525107e+01	1.446925e+01	1.383618e+01	1.701688e+01
14900	1.484776e+01	1.357080e+01	1.266049e+01	1.196044e+01	1.139540e+01	1.092389e+01	1.052073e+01	1.776303e+01	1.668557e+01	1.585189e+01	1.517673e+01	1.461194e+01	1.522475e+01	1.444367e+01	1.381123e+01	1.698847e+01
15000	1.482215e+01	1.354646e+01	1.263709e+01	1.193777e+01	1.137333e+01	1.090231e+01	1.049958e+01	1.773422e+01	1.665770e+01	1.582479e+01	1.515028e+01	1.458604e+01	1.519864e+01	1.441830e+01	1.378648e+01	1.696028e+01
15100	1.479674e+01	1.352230e+01	1.261387e+01	1.191528e+01	1.135142e+01	1.088090e+01	1.047859e+01	1.770562e+01	1.663004e+01	1.579791e+01	1.512403e+01	1.456034e+01	1.517272e+01	1.439311e+01	1.376191e+01	1.693229e+01
15200	1.477152e+01	1.349833e+01	1.259082e+01	1.189295e+01	1.132968e+01	1.085965e+01	1.045777e+01	1.767723e+01	1.660258e+01	1.577123e+01	1.509799e+01	1.453482e+01	1.514700e+01	1.436812e+01	1.373752e+01	1.690452e+01
15300	1.474649e+01	1.347453e+01	1.256795e+01	1.187079e+01	1.130811e+01	1.083857e+01	1.043711e+01	1.764905e+01	1.657534e+01	1.574474e+01	1.507213e+01	1.450950e+01	1.512147e+01	1.434331e+01	1.371332e+01	1.687696e+01
15400	1.472164e+01	1.345092e+01	1.254525e+01	1.184881e+01	1.128669e+01	1.081764e+01	1.041660e+01	1.762108e+01	1.654829e+01	1.571845e+01	1.504647e+01	1.448437e+01	1.509613e+01	1.431869e+01	1.368931e+01	1.684959e+01
15500	1.469698e+01	1.342748e+01	1.252272e+01	1.182698e+01	1.126544e+01	1.079687e+01	1.039624e+01	1.759332e+01	1.652144e+01	1.569236e+01	1.502100e+01	1.445942e+01	1.507098e+01	1.429425e+01	1.366546e+01	1.682243e+01
15600	1.467251e+01	1.340422e+01	1.250036e+01	1.180532e+01	1.124435e+01	1.077626e+01	1.037604e+01	1.756576e+01	1.649479e+01	1.566646e+01	1.499572e+01	1.443466e+01	1.504602e+01	1.427000e+01	1.364180e+01	1.679547e+01
15700	1.464821e+01	1.338113e+01	1.247816e+01	1.178382e+01	1.122341e+01	1.075579e+01	1.035599e+01	1.753839e+01	1.646834e+01	1.564075e+01	1.497062e+01	1.441008e+01	1.502123e+01	1.424592e+01	1.361831e+01	1.676870e+01
15800	1.462409e+01	1.335821e+01	1.245612e+01	1.176247e+01	1.120263e+01	1.073548e+01	1.033608e+01	1.751123e+01	1.644207e+01	1.561522e+01	1.494571e+01	1.438567e+01	1.499662e+01	1.422201e+01	1.359499e+01	1.674213e+01
15900	1.460014e+01	1.333545e+01	1.243425e+01	1.174128e+01	1.118200e+01	1.071532e+01	1.031632e+01	1.748425e+01	1.641599e+01	1.558988e+01	1.492097e+01	1.436144e+01	1.497220e+01	1.419828e+01	1.357184e+01	1.671575e+01
16000	1.457637e+01	1.331286e+01	1.241254e+01	1.172025e+01	1.116152e+01	1.069530e+01	1.029671e+01	1.745747e+01	1.639011e+01	1.556472e+01	1.489641e+01	1.433739e+01	1.494794e+01	1.417472e+01	1.354886e+01	1.668955e+01
16100	1.455277e+01	1.329043e+01	1.239098e+01	1.169937e+01	1.114119e+01	1.067543e+01	1.027723e+01	1.743088e+01	1.636440e+01	1.553974e+01	1.487203e+01	1.431351e+01	1.492386e+01	1.415133e+01	1.352604e+01	1.666354e+01
16200	1.452933e+01	1.326817e+01	1.236957e+01	1.167864e+01	1.112100e+01	1.065570e+01	1.025790e+01	1.740447e+01	1.633888e+01	1.551494e+01	1.484782e+01	1.428980e+01	1.489995e+01	1.412810e+01	1.350338e+01	1.663772e+01
16300	1.450606e+01	1.324606e+01	1.234832e+01	1.165805e+01	1.110096e+01	1.063612e+01	1.023870e+01	1.737825e+01	1.631353e+01	1.549031e+01	1.482378e+01	1.426625e+01	1.487621e+01	1.410504e+01	1.348089e+01	1.661207e+01
16400	1.448295e+01	1.322410e+01	1.232722e+01	1.163761e+01	1.108106e+01	1.061667e+01	1.021965e+01	1.735221e+01	1.628837e+01	1.546586e+01	1.479991e+01	1.424287e+01	1.485264e+01	1.408214e+01	1.345855e+01	1.658660e+01
16500	1.446001e+01	1.320231e+01	1.230627e+01	1.161732e+01	1.106130e+01	1.059736e+01	1.020072e+01	1.732635e+01	1.626338e+01	1.544157e+01	1.477620e+01	1.421965e+01	1.482923e+01	1.405940e+01	1.343637e+01	1.656131e+01
16600	1.443722e+01	1.318066e+01	1.228547e+01	1.159717e+01	1.104168e+01	1.057818e+01	1.018193e+01	1.730067e+01	1.623856e+01	1.541746e+01	1.475266e+01	1.419660e+01	1.480598e+01	1.403682e+01	1.341434e+01	1.653620e+01
16700	1.441460e+01	1.315916e+01	1.226480e+01	1.157716e+01	1.102219e+01	1.055914e+01	1.016327e+01	1.727517e+01	1.621391e+01	1.539350e+01	1.472928e+01	1.417370e+01	1.478289e+01	1.401439e+01	1.339247e+01	1.651125e+01
16800	1.439212e+01	1.313782e+01	1.224429e+01	1.155728e+01	1.100284e+01	1.054023e+01	1.014474e+01	1.724983e+01	1.618943e+01	1.536971e+01	1.470606e+01	1.415096e+01	1.475996e+01	1.399212e+01	1.337074e+01	1.648648e+01
16900	1.436980e+01	1.311661e+01	1.222391e+01	1.153754e+01	1.098362e+01	1.052145e+01	1.012634e+01	1.722467e+01	1.616511e+01	1.534609e+01	1.468300e+01	1.412837e+01	1.473718e+01	1.396999e+01	1.334917e+01	1.646187e+01
17000	1.434764e+01	1.309556e+01	1.220367e+01	1.151794e+01	1.096454e+01	1.050280e+01	1.010806e+01	1.719967e+01	1.614096e+01	1.532262e+01	1.466009e+01	1.410593e+01	1.471456e+01	1.394802e+01	1.332774e+01	1.643742e+01
17100	1.432562e+01	1.307464e+01	1.218357e+01	1.149847e+01	1.094558e+01	1.048428e+01	1.008991e+01	1.717484e+01	1.611697e+01	1.529931e+01	1.463734e+01	1.408364e+01	1.469208e+01	1.392620e+01	1.330645e+01	1.641314e+01
17200	1.430375e+01	1.305387e+01	1.216360e+01	1.147913e+01	1.092675e+01	1.046588e+01	1.007188e+01	1.715018e+01	1.609314e+01	1.527615e+01	1.461474e+01	1.406151e+01	1.466976e+01	1.390452e+01	1.328530e+01	1.638902e+01
17300	1.428202e+01	1.303323e+01	1.214377e+01	1.145992e+01	1.090805e+01	1.044760e+01	1.005397e+01	1.712568e+01	1.606946e+01	1.525315e+01	1.459228e+01	1.403952e+01	1.464759e+01	1.388298e+01	1.326430e+01	1.636506e+01
17400	1.426044e+01	1.301274e+01	1.212407e+01	1.144084e+01	1.088947e+01	1.042945e+01	1.003619e+01	1.710133e+01	1.604594e+01	1.523029e+01	1.456998e+01	1.401767e+01	1.462556e+01	1.386159e+01	1.324344e+01	1.634126e+01
17500	1.423900e+01	1.299237e+01	1.210450e+01	1.142188e+01	1.087102e+01	1.041141e+01	1.001852e+01	1.707715e+01	1.602258e+01	1.520759e+01	1.454782e+01	1.399597e+01	1.460367e+01	1.384034e+01	1.322271e+01	1.631761e+01
17600	1.421771e+01	1.297215e+01	1.208505e+01	1.140305e+01	1.085268e+01	1.039350e+01	1.000096e+01	1.705312e+01	1.599936e+01	1.518504e+01	1.452580e+01	1.397440e+01	1.458193e+01	1.381922e+01	1.320212e+01	1.629411e+01
17700	1.419655e+01	1.295205e+01	1.206574e+01	1.138435e+01	1.083447e+01	1.037570e+01	9.983526e+00	1.702925e+01	1.597630e+01	1.516263e+01	1.450393e+01	1.395298e+01	1.456033e+01	1.379825e+01	1.318166e+01	1.627076e+01
17800	1.417552e+01	1.293208e+01	1.204655e+01	1.136576e+01	1.081638e+01	1.035802e+01	9.966203e+00	1.700552e+01	1.595339e+01	1.514037e+01	1.448220e+01	1.393170e+01	1.453887e+01	1.377741e+01	1.316133e+01	1.624757e+01
17900	1.415464e+01	1.291225e+01	1.202749e+01	1.134730e+01	1.079840e+01	1.034046e+01	9.948993e+00	1.698195e+01	1.593062e+01	1.511824e+01	1.446061e+01	1.391055e+01	1.451754e+01	1.375670e+01	1.314114e+01	1.622452e+01
18000	1.413388e+01	1.289254e+01	1.200855e+01	1.132895e+01	1.078054e+01	1.032301e+01	9.931895e+00	1.695853e+01	1.590799e+01	1.509626e+01	1.443916e+01	1.388954e+01	1.449636e+01	1.373613e+01	1.312108e+01	1.620162e+01
18100	1.411326e+01	1.287295e+01	1.198973e+01	1.131073e+01	1.076280e+01	1.030567e+01	9.914907e+00	1.693526e+01	1.588551e+01	1.507442e+01	1.441784e+01	1.386866e+01	1.447530e+01	1.371568e+01	1.310114e+01	1.617887e+01
18200	1.409277e+01	1.285350e+01	1.197103e+01	1.129262e+01	1.074517e+01	1.028844e+01	9.898028e+00	1.691213e+01	1.586318e+01	1.505272e+01	1.439665e+01	1.384791e+01	1.445438e+01	1.369537e+01	1.308133e+01	1.615625e+01
18300	1.407240e+01	1.283416e+01	1.195245e+01	1.127462e+01	1.072765e+01	1.027132e+01	9.881256e+00	1.688914e+01	1.584098e+01	1.503115e+01	1.437560e+01	1.382730e+01	1.443359e+01	1.367519e+01	1.306165e+01	1.613378e+01
18400	1.405217e+01	1.281495e+01	1.193398e+01	1.125674e+01	1.071024e+01	1.025431e+01	9.864592e+00	1.686630e+01	1.581892e+01	1.500972e+01	1.435469e+01	1.380681e+01	1.441293e+01	1.365513e+01	1.304209e+01	1.611145e+01
18500	1.403206e+01	1.279586e+01	1.191563e+01	1.123897e+01	1.069294e+01	1.023741e+01	9.848032e+00	1.684360e+01	1.579699e+01	1.498842e+01	1.433390e+01	1.378645e+01	1.439240e+01	1.363520e+01	1.302265e+01	1.608926e+01
18600	1.401208e+01	1.277688e+01	1.189740e+01	1.122131e+01	1.067575e+01	1.022062e+01	9.831576e+00	1.682104e+01	1.577520e+01	1.496725e+01	1.431324e+01	1.376622e+01	1.437200e+01	1.361539e+01	1.300333e+01	1.606720e+01
18700	1.399222e+01	1.275803e+01	1.187928e+01	1.120377e+01	1.065867e+01	1.020393e+01	9.815223e+00	1.679862e+01	1.575355e+01	1.494622e+01	1.429270e+01	1.374610e+01	1.435172e+01	1.359570e+01	1.298413e+01	1.604528e+01
18800	1.397248e+01	1.273929e+01	1.186127e+01	1.118633e+01	1.064169e+01	1.018734e+01	9.798972e+00	1.677633e+01	1.573203e+01	1.492531e+01	1.427229e+01	1.372612e+01	1.433156e+01	1.357613e+01	1.296505e+01	1.602349e+01
18900	1.395286e+01	1.272066e+01	1.184338e+01	1.116899e+01	1.062482e+01	1.017085e+01	9.782820e+00	1.675417e+01	1.571063e+01	1.490452e+01	1.425201e+01	1.370625e+01	1.431153e+01	1.355668e+01	1.294608e+01	1.600183e+01
19000	1.393337e+01	1.270215e+01	1.182559e+01	1.115177e+01	1.060805e+01	1.015447e+01	9.766768e+00	1.673215e+01	1.568937e+01	1.488386e+01	1.423185e+01	1.368650e+01	1.429162e+01	1.353735e+01	1.292723e+01	1.598030e+01
19100	1.391399e+01	1.268375e+01	1.180791e+01	1.113464e+01	1.059138e+01	1.013818e+01	9.750813e+00	1.671026e+01	1.566823e+01	1.486333e+01	1.421181e+01	1.366687e+01	1.427183e+01	1.351814e+01	1.290850e+01	1.595890e+01
19200	1.389472e+01	1.266546e+01	1.179033e+01	1.111762e+01	1.057481e+01	1.012200e+01	9.734956e+00	1.668851e+01	1.564722e+01	1.484292e+01	1.419188e+01	1.364736e+01	1.425215e+01	1.349904e+01	1.288987e+01	1.593763e+01
19300	1.387557e+01	1.264729e+01	1.177286e+01	1.110071e+01	1.055835e+01	1.010591e+01	9.719194e+00	1.666687e+01	1.562634e+01	1.482263e+01	1.417208e+01	1.362797e+01	1.423260e+01	1.348005e+01	1.287136e+01	1.591648e+01
19400	1.385654e+01	1.262922e+01	1.175550e+01	1.108389e+01	1.054198e+01	1.008991e+01	9.703527e+00	1.664537e+01	1.560557e+01	1.480246e+01	1.415239e+01	1.360869e+01	1.421316e+01	1.346118e+01	1.285295e+01	1.589546e+01
19500	1.383762e+01	1.261125e+01	1.173824e+01	1.106718e+01	1.052571e+01	1.007402e+01	9.687954e+00	1.662399e+01	1.558493e+01	1.478240e+01	1.413282e+01	1.358952e+01	1.419383e+01	1.344242e+01	1.283466e+01	1.587456e+01
19600	1.381881e+01	1.259340e+01	1.172108e+01	1.105056e+01	1.050953e+01	1.005822e+01	9.672473e+00	1.660274e+01	1.556441e+01	1.476247e+01	1.411336e+01	1.357046e+01	1.417462e+01	1.342377e+01	1.281647e+01	1.585378e+01
19700	1.380011e+01	1.257565e+01	1.170402e+01	1.103404e+01	1.049345e+01	1.004251e+01	9.657085e+00	1.658161e+01	1.554401e+01	1.474265e+01	1.409402e+01	1.355152e+01	1.415551e+01	1.340522e+01	1.279839e+01	1.583312e+01
19800	1.378152e+01	1.255800e+01	1.168707e+01	1.101762e+01	1.047747e+01	1.002689e+01	9.641786e+00	1.656060e+01	1.552372e+01	1.472294e+01	1.407479e+01	1.353268e+01	1.413652e+01	1.338679e+01	1.278042e+01	1.581258e+01
19900	1.376303e+01	1.254046e+01	1.167021e+01	1.100130e+01	1.046158e+01	1.001137e+01	9.626578e+00	1.653971e+01	1.550356e+01	1.470335e+01	1.405567e+01	1.351396e+01	1.411764e+01	1.336846e+01	1.276255e+01	1.579216e+01
20000	1.374466e+01	1.252301e+01	1.165345e+01	1.098507e+01	1.044578e+01	9.995931e+00	9.611458e+00	1.651894e+01	1.548351e+01	1.468387e+01	1.403665e+01	1.349534e+01	1.409887e+01	1.335024e+01	1.274478e+01	1.577186e+01
20100	1.372639e+01	1.250567e+01	1.163678e+01	1.096893e+01	1.043007e+01	9.980586e+00	9.596427e+00	1.649829e+01	1.546357e+01	1.466451e+01	1.401775e+01	1.347683e+01	1.408021e+01	1.333212e+01	1.272711e+01	1.575167e+01
20200	1.370822e+01	1.248843e+01	1.162022e+01	1.095289e+01	1.041446e+01	9.965331e+00	9.581482e+00	1.647775e+01	1.544375e+01	1.464525e+01	1.399896e+01	1.345842e+01	1.406165e+01	1.331411e+01	1.270955e+01	1.573160e+01
20300	1.369016e+01	1.247128e+01	1.160374e+01	1.093694e+01	1.039893e+01	9.950162e+00	9.566624e+00	1.645733e+01	1.542403e+01	1.462610e+01	1.398027e+01	1.344012e+01	1.404319e+01	1.329620e+01	1.269208e+01	1.571164e+01
20400	1.367219e+01	1.245424e+01	1.158737e+01	1.092108e+01	1.038349e+01	9.935081e+00	9.551850e+00	1.643703e+01	1.540443e+01	1.460706e+01	1.396169e+01	1.342192e+01	1.402484e+01	1.327839e+01	1.267472e+01	1.569179e+01
20500	1.365433e+01	1.243729e+01	1.157108e+01	1.090531e+01	1.036814e+01	9.920086e+00	9.537161e+00	1.641684e+01	1.538494e+01	1.458813e+01	1.394321e+01	1.340382e+01	1.400660e+01	1.326068e+01	1.265745e+01	1.567205e+01
20600	1.363657e+01	1.242043e+01	1.155488e+01	1.088962e+01	1.035288e+01	9.905176e+00	9.522556e+00	1.639676e+01	1.536556e+01	1.456930e+01	1.392483e+01	1.338582e+01	1.398845e+01	1.324307e+01	1.264028e+01	1.565242e+01
20700	1.361891e+01	1.240367e+01	1.153878e+01	1.087403e+01	1.033770e+01	9.890349e+00	9.508033e+00	1.637679e+01	1.534628e+01	1.455058e+01	1.390656e+01	1.336792e+01	1.397041e+01	1.322556e+01	1.262321e+01	1.563290e+01
20800	1.360135e+01	1.238701e+01	1.152277e+01	1.085853e+01	1.032261e+01	9.875606e+00	9.493591e+00	1.635693e+01	1.532711e+01	1.453196e+01	1.388838e+01	1.335013e+01	1.395247e+01	1.320814e+01	1.260623e+01	1.561349e+01
20900	1.358389e+01	1.237043e+01	1.150684e+01	1.084311e+01	1.030760e+01	9.860946e+00	9.479230e+00	1.633718e+01	1.530805e+01	1.451344e+01	1.387031e+01	1.333243e+01	1.393462e+01	1.319082e+01	1.258934e+01	1.559418e+01
21000	1.356652e+01	1.235395e+01	1.149101e+01	1.082777e+01	1.029268e+01	9.846366e+00	9.464949e+00	1.631753e+01	1.528909e+01	1.449502e+01	1.385234e+01	1.331482e+01	1.391688e+01	1.317360e+01	1.257255e+01	1.557498e+01
21100	1.354924e+01	1.233756e+01	1.147526e+01	1.081252e+01	1.027784e+01	9.831868e+00	9.450748e+00	1.629800e+01	1.527023e+01	1.447670e+01	1.383446e+01	1.329731e+01	1.389923e+01	1.315647e+01	1.255584e+01	1.555588e+01
21200	1.353206e+01	1.232126e+01	1.145960e+01	1.079736e+01	1.026308e+01	9.817449e+00	9.436624e+00	1.627857e+01	1.525148e+01	1.445849e+01	1.381668e+01	1.327990e+01	1.388167e+01	1.313943e+01	1.253923e+01	1.553689e+01
21300	1.351498e+01	1.230504e+01	1.144402e+01	1.078228e+01	1.024840e+01	9.803108e+00	9.422578e+00	1.625924e+01	1.523283e+01	1.444037e+01	1.379899e+01	1.326258e+01	1.386421e+01	1.312249e+01	1.252271e+01	1.551800e+01
21400	1.349798e+01	1.228892e+01	1.142853e+01	1.076727e+01	1.023380e+01	9.788846e+00	9.408608e+00	1.624001e+01	1.521427e+01	1.442234e+01	1.378140e+01	1.324536e+01	1.384684e+01	1.310563e+01	1.250628e+01	1.549920e+01
21500	1.348108e+01	1.227288e+01	1.141312e+01	1.075235e+01	1.021927e+01	9.774661e+00	9.394714e+00	1.622089e+01	1.519582e+01	1.440441e+01	1.376391e+01	1.322822e+01	1.382957e+01	1.308887e+01	1.248994e+01	1.548051e+01
21600	1.346427e+01	1.225693e+01	1.139779e+01	1.073751e+01	1.020483e+01	9.760552e+00	9.380895e+00	1.620187e+01	1.517746e+01	1.438658e+01	1.374650e+01	1.321118e+01	1.381239e+01	1.307219e+01	1.247368e+01	1.546192e+01
21700	1.344755e+01	1.224106e+01	1.138255e+01	1.072275e+01	1.019047e+01	9.746520e+00	9.367151e+00	1.618295e+01	1.515920e+01	1.436884e+01	1.372919e+01	1.319422e+01	1.379530e+01	1.305561e+01	1.245751e+01	1.544342e+01
21800	1.343091e+01	1.222528e+01	1.136738e+01	1.070807e+01	1.017618e+01	9.732562e+00	9.353480e+00	1.616413e+01	1.514103e+01	1.435120e+01	1.371197e+01	1.317736e+01	1.377830e+01	1.303911e+01	1.244142e+01	1.542502e+01
21900	1.341437e+01	1.220958e+01	1.135230e+01	1.069347e+01	1.016196e+01	9.718678e+00	9.339882e+00	1.614540e+01	1.512296e+01	1.433365e+01	1.369484e+01	1.316058e+01	1.376139e+01	1.302270e+01	1.242542e+01	1.540672e+01
22000	1.339791e+01	1.219396e+01	1.133730e+01	1.067894e+01	1.014782e+01	9.704869e+00	9.326357e+00	1.612678e+01	1.510498e+01	1.431619e+01	1.367780e+01	1.314389e+01	1.374456e+01	1.300637e+01	1.240951e+01	1.538851e+01
22100	1.338154e+01	1.217842e+01	1.132237e+01	1.066449e+01	1.013376e+01	9.691132e+00	9.312903e+00	1.610825e+01	1.508710e+01	1.429881e+01	1.366084e+01	1.312729e+01	1.372783e+01	1.299013e+01	1.239367e+01	1.537040e+01
22200	1.336525e+01	1.216297e+01	1.130752e+01	1.065011e+01	1.011977e+01	9.677467e+00	9.299519e+00	1.608981e+01	1.506931e+01	1.428153e+01	1.364398e+01	1.311077e+01	1.371118e+01	1.297398e+01	1.237792e+01	1.535238e+01
22300	1.334904e+01	1.214760e+01	1.129275e+01	1.063581e+01	1.010585e+01	9.663874e+00	9.286206e+00	1.607147e+01	1.505161e+01	1.426434e+01	1.362720e+01	1.309434e+01	1.369462e+01	1.295790e+01	1.236225e+01	1.533445e+01
22400	1.333292e+01	1.213230e+01	1.127806e+01	1.062159e+01	1.009201e+01	9.650351e+00	9.272963e+00	1.605322e+01	1.503400e+01	1.424724e+01	1.361051e+01	1.307799e+01	1.367814e+01	1.294191e+01	1.234666e+01	1.531661e+01
22500	1.331689e+01	1.211709e+01	1.126344e+01	1.060744e+01	1.007824e+01	9.636899e+00	9.259788e+00	1.603507e+01	1.501648e+01	1.423022e+01	1.359390e+01	1.306173e+01	1.366174e+01	1.292600e+01	1.233115e+01	1.529886e+01
22600	1.330093e+01	1.210195e+01	1.124890e+01	1.059336e+01	1.006454e+01	9.623517e+00	9.246681e+00	1.601700e+01	1.499905e+01	1.421329e+01	1.357738e+01	1.304555e+01	1.364543e+01	1.291018e+01	1.231572e+01	1.528121e+01
22700	1.328506e+01	1.208689e+01	1.123443e+01	1.057935e+01	1.005090e+01	9.610203e+00	9.233643e+00	1.599903e+01	1.498171e+01	1.419644e+01	1.356094e+01	1.302945e+01	1.362921e+01	1.289443e+01	1.230037e+01	1.526364e+01
22800	1.326926e+01	1.207190e+01	1.122004e+01	1.056541e+01	1.003734e+01	9.596958e+00	9.220671e+00	1.598115e+01	1.496445e+01	1.417968e+01	1.354458e+01	1.301343e+01	1.361306e+01	1.287876e+01	1.228510e+01	1.524616e+01
22900	1.325355e+01	1.205700e+01	1.120572e+01	1.055155e+01	1.002385e+01	9.583780e+00	9.207765e+00	1.596335e+01	1.494729e+01	1.416301e+01	1.352831e+01	1.299749e+01	1.359700e+01	1.286318e+01	1.226990e+01	1.522877e+01
23000	1.323791e+01	1.204216e+01	1.119147e+01	1.053775e+01	1.001043e+01	9.570670e+00	9.194926e+00	1.594565e+01	1.493020e+01	1.414642e+01	1.351211e+01	1.298164e+01	1.358101e+01	1.284767e+01	1.225478e+01	1.521147e+01
23100	1.322235e+01	1.202741e+01	1.117729e+01	1.052403e+01	9.997071e+00	9.557625e+00	9.182151e+00	1.592803e+01	1.491320e+01	1.412991e+01	1.349600e+01	1.296586e+01	1.356511e+01	1.283224e+01	1.223974e+01	1.519425e+01
23200	1.320687e+01	1.201272e+01	1.116319e+01	1.051037e+01	9.983783e+00	9.544647e+00	9.169441e+00	1.591050e+01	1.489629e+01	1.411348e+01	1.347997e+01	1.295016e+01	1.354928e+01	1.281688e+01	1.222477e+01	1.517711e+01
23300	1.319147e+01	1.199811e+01	1.114915e+01	1.049679e+01	9.970561e+00	9.531733e+00	9.156795e+00	1.589306e+01	1.487946e+01	1.409713e+01	1.346401e+01	1.293453e+01	1.353353e+01	1.280160e+01	1.220988e+01	1.516006e+01
23400	1.317614e+01	1.198357e+01	1.113519e+01	1.048327e+01	9.957405e+00	9.518884e+00	9.144212e+00	1.587570e+01	1.486271e+01	1.408086e+01	1.344814e+01	1.291899e+01	1.351786e+01	1.278640e+01	1.219506e+01	1.514310e+01
23500	1.316089e+01	1.196910e+01	1.112129e+01	1.046981e+01	9.944314e+00	9.506099e+00	9.131692e+00	1.585842e+01	1.484604e+01	1.406468e+01	1.343234e+01	1.290352e+01	1.350227e+01	1.277127e+01	1.218031e+01	1.512621e+01
23600	1.314571e+01	1.195471e+01	1.110746e+01	1.045643e+01	9.931288e+00	9.493378e+00	9.119233e+00	1.584123e+01	1.482946e+01	1.404857e+01	1.341662e+01	1.288812e+01	1.348676e+01	1.275622e+01	1.216563e+01	1.510941e+01
23700	1.313061e+01	1.194038e+01	1.109370e+01	1.044311e+01	9.918325e+00	9.480718e+00	9.106837e+00	1.582413e+01	1.481295e+01	1.403254e+01	1.340097e+01	1.287280e+01	1.347131e+01	1.274123e+01	1.215103e+01	1.509269e+01
23800	1.311558e+01	1.192613e+01	1.108001e+01	1.042985e+01	9.905427e+00	9.468121e+00	9.094501e+00	1.580710e+01	1.479653e+01	1.401658e+01	1.338541e+01	1.285755e+01	1.345595e+01	1.272632e+01	1.213649e+01	1.507605e+01
23900	1.310063e+01	1.191194e+01	1.106638e+01	1.041666e+01	9.892591e+00	9.455586e+00	9.082225e+00	1.579016e+01	1.478018e+01	1.400070e+01	1.336991e+01	1.284238e+01	1.344065e+01	1.271149e+01	1.212203e+01	1.505949e+01
24000	1.308574e+01	1.189782e+01	1.105282e+01	1.040353e+01	9.879817e+00	9.443111e+00	9.070009e+00	1.577329e+01	1.476391e+01	1.398490e+01	1.335449e+01	1.282728e+01	1.342544e+01	1.269672e+01	1.210764e+01	1.504301e+01
24100	1.307093e+01	1.188378e+01	1.103932e+01	1.039047e+01	9.867105e+00	9.430697e+00	9.057853e+00	1.575651e+01	1.474772e+01	1.396917e+01	1.333914e+01	1.281225e+01	1.341029e+01	1.268202e+01	1.209331e+01	1.502660e+01
24200	1.305619e+01	1.186979e+01	1.102589e+01	1.037746e+01	9.854453e+00	9.418342e+00	9.045755e+00	1.573980e+01	1.473160e+01	1.395352e+01	1.332386e+01	1.279729e+01	1.339521e+01	1.266740e+01	1.207905e+01	1.501027e+01
24300	1.304152e+01	1.185588e+01	1.101253e+01	1.036452e+01	9.841863e+00	9.406047e+00	9.033715e+00	1.572318e+01	1.471556e+01	1.393794e+01	1.330866e+01	1.278240e+01	1.338021e+01	1.265284e+01	1.206486e+01	1.499402e+01
24400	1.302691e+01	1.184203e+01	1.099922e+01	1.035165e+01	9.829333e+00	9.393810e+00	9.021734e+00	1.570663e+01	1.469959e+01	1.392244e+01	1.329353e+01	1.276758e+01	1.336528e+01	1.263835e+01	1.205074e+01	1.497785e+01
24500	1.301238e+01	1.182824e+01	1.098598e+01	1.033883e+01	9.816862e+00	9.381632e+00	9.009809e+00	1.569016e+01	1.468370e+01	1.390700e+01	1.327847e+01	1.275284e+01	1.335041e+01	1.262393e+01	1.203668e+01	1.496175e+01
24600	1.299791e+01	1.181452e+01	1.097281e+01	1.032607e+01	9.804450e+00	9.369512e+00	8.997941e+00	1.567376e+01	1.466789e+01	1.389164e+01	1.326348e+01	1.273816e+01	1.333562e+01	1.260958e+01	1.202269e+01	1.494573e+01
24700	1.298352e+01	1.180087e+01	1.095969e+01	1.031338e+01	9.792097e+00	9.357449e+00	8.986129e+00	1.565745e+01	1.465214e+01	1.387635e+01	1.324855e+01	1.272354e+01	1.332090e+01	1.259530e+01	1.200877e+01	1.492978e+01
24800	1.296919e+01	1.178728e+01	1.094664e+01	1.030074e+01	9.779802e+00	9.345442e+00	8.974374e+00	1.564120e+01	1.463647e+01	1.386113e+01	1.323370e+01	1.270900e+01	1.330624e+01	1.258108e+01	1.199491e+01	1.491390e+01
24900	1.295492e+01	1.177375e+01	1.093364e+01	1.028816e+01	9.767565e+00	9.333493e+00	8.962673e+00	1.562503e+01	1.462088e+01	1.384598e+01	1.321892e+01	1.269452e+01	1.329165e+01	1.256692e+01	1.198111e+01	1.489809e+01
25000	1.294072e+01	1.176028e+01	1.092071e+01	1.027564e+01	9.755384e+00	9.321599e+00	8.951027e+00	1.560894e+01	1.460535e+01	1.383090e+01	1.320420e+01	1.268011e+01	1.327713e+01	1.255284e+01	1.196738e+01	1.488236e+01
25100	1.292659e+01	1.174688e+01	1.090784e+01	1.026318e+01	9.743261e+00	9.309760e+00	8.939435e+00	1.559292e+01	1.458989e+01	1.381589e+01	1.318955e+01	1.266577e+01	1.326267e+01	1.253881e+01	1.195371e+01	1.486670e+01
25200	1.291252e+01	1.173354e+01	1.089502e+01	1.025078e+01	9.731193e+00	9.297976e+00	8.927898e+00	1.557697e+01	1.457451e+01	1.380095e+01	1.317497e+01	1.265149e+01	1.324829e+01	1.252486e+01	1.194011e+01	1.485112e+01
25300	1.289852e+01	1.172026e+01	1.088227e+01	1.023843e+01	9.719181e+00	9.286247e+00	8.916414e+00	1.556109e+01	1.455919e+01	1.378607e+01	1.316045e+01	1.263727e+01	1.323396e+01	1.251096e+01	1.192656e+01	1.483560e+01
25400	1.288458e+01	1.170704e+01	1.086957e+01	1.022615e+01	9.707225e+00	9.274572e+00	8.904983e+00	1.554528e+01	1.454394e+01	1.377126e+01	1.314600e+01	1.262312e+01	1.321970e+01	1.249713e+01	1.191308e+01	1.482015e+01
25500	1.287070e+01	1.169388e+01	1.085693e+01	1.021391e+01	9.695323e+00	9.262951e+00	8.893604e+00	1.552955e+01	1.452876e+01	1.375652e+01	1.313162e+01	1.260904e+01	1.320551e+01	1.248336e+01	1.189966e+01	1.480477e+01
25600	1.285689e+01	1.168078e+01	1.084435e+01	1.020173e+01	9.683476e+00	9.251383e+00	8.882278e+00	1.551388e+01	1.451365e+01	1.374185e+01	1.311730e+01	1.259502e+01	1.319138e+01	1.246965e+01	1.188630e+01	1.478946e+01
25700	1.284314e+01	1.166774e+01	1.083183e+01	1.018961e+01	9.671682e+00	9.239867e+00	8.871004e+00	1.549829e+01	1.449861e+01	1.372724e+01	1.310304e+01	1.258106e+01	1.317731e+01	1.245601e+01	1.187300e+01	1.477422e+01
25800	1.282945e+01	1.165476e+01	1.081936e+01	1.017754e+01	9.659942e+00	9.228404e+00	8.859780e+00	1.548276e+01	1.448364e+01	1.371269e+01	1.308885e+01	1.256716e+01	1.316331e+01	1.244242e+01	1.185976e+01	1.475904e+01
25900	1.281582e+01	1.164183e+01	1.080695e+01	1.016553e+01	9.648256e+00	9.216993e+00	8.848608e+00	1.546730e+01	1.446873e+01	1.369821e+01	1.307472e+01	1.255332e+01	1.314937e+01	1.242890e+01	1.184658e+01	1.474394e+01
26000	1.280225e+01	1.162897e+01	1.079459e+01	1.015357e+01	9.636621e+00	9.205633e+00	8.837486e+00	1.545192e+01	1.445388e+01	1.368380e+01	1.306065e+01	1.253955e+01	1.313549e+01	1.241544e+01	1.183346e+01	1.472890e+01
26100	1.278874e+01	1.161616e+01	1.078229e+01	1.014167e+01	9.625039e+00	9.194324e+00	8.826414e+00	1.543659e+01	1.443910e+01	1.366945e+01	1.304665e+01	1.252583e+01	1.312167e+01	1.240203e+01	1.182039e+01	1.471392e+01
26200	1.277529e+01	1.160341e+01	1.077004e+01	1.012981e+01	9.613508e+00	9.183066e+00	8.815392e+00	1.542134e+01	1.442439e+01	1.365516e+01	1.303270e+01	1.251218e+01	1.310791e+01	1.238869e+01	1.180739e+01	1.469901e+01
26300	1.276190e+01	1.159071e+01	1.075785e+01	1.011801e+01	9.602029e+00	9.171857e+00	8.804418e+00	1.540615e+01	1.440974e+01	1.364093e+01	1.301882e+01	1.249858e+01	1.309422e+01	1.237540e+01	1.179444e+01	1.468417e+01
26400	1.274857e+01	1.157807e+01	1.074571e+01	1.010627e+01	9.590600e+00	9.160699e+00	8.793494e+00	1.539103e+01	1.439515e+01	1.362676e+01	1.300500e+01	1.248505e+01	1.308058e+01	1.236217e+01	1.178154e+01	1.466939e+01
26500	1.273530e+01	1.156549e+01	1.073363e+01	1.009457e+01	9.579222e+00	9.149590e+00	8.782617e+00	1.537597e+01	1.438063e+01	1.361266e+01	1.299123e+01	1.247157e+01	1.306700e+01	1.234900e+01	1.176871e+01	1.465468e+01
26600	1.272208e+01	1.155296e+01	1.072159e+01	1.008293e+01	9.567893e+00	9.138529e+00	8.771789e+00	1.536098e+01	1.436617e+01	1.359862e+01	1.297753e+01	1.245815e+01	1.305348e+01	1.233589e+01	1.175593e+01	1.464002e+01
26700	1.270893e+01	1.154048e+01	1.070961e+01	1.007133e+01	9.556615e+00	9.127517e+00	8.761008e+00	1.534605e+01	1.435177e+01	1.358463e+01	1.296388e+01	1.244479e+01	1.304002e+01	1.232283e+01	1.174320e+01	1.462543e+01
26800	1.269583e+01	1.152806e+01	1.069769e+01	1.005979e+01	9.545385e+00	9.116553e+00	8.750275e+00	1.533119e+01	1.433744e+01	1.357071e+01	1.295030e+01	1.243149e+01	1.302662e+01	1.230983e+01	1.173053e+01	1.461091e+01
26900	1.268278e+01	1.151570e+01	1.068581e+01	1.004829e+01	9.534203e+00	9.105636e+00	8.739588e+00	1.531639e+01	1.432316e+01	1.355685e+01	1.293677e+01	1.241824e+01	1.301327e+01	1.229689e+01	1.171791e+01	1.459644e+01
27000	1.266979e+01	1.150338e+01	1.067399e+01	1.003685e+01	9.523070e+00	9.094767e+00	8.728947e+00	1.530165e+01	1.430895e+01	1.354304e+01	1.292330e+01	1.240505e+01	1.299999e+01	1.228400e+01	1.170535e+01	1.458203e+01
27100	1.265686e+01	1.149112e+01	1.066221e+01	1.002545e+01	9.511985e+00	9.083945e+00	8.718353e+00	1.528697e+01	1.429479e+01	1.352930e+01	1.290988e+01	1.239192e+01	1.298675e+01	1.227116e+01	1.169284e+01	1.456769e+01
27200	1.264398e+01	1.147891e+01	1.065049e+01	1.001411e+01	9.500948e+00	9.073169e+00	8.707804e+00	1.527236e+01	1.428070e+01	1.351561e+01	1.289653e+01	1.237884e+01	1.297358e+01	1.225838e+01	1.168039e+01	1.455341e+01
27300	1.263116e+01	1.146675e+01	1.063881e+01	1.000281e+01	9.489957e+00	9.062439e+00	8.697300e+00	1.525780e+01	1.426666e+01	1.350198e+01	1.288322e+01	1.236582e+01	1.296046e+01	1.224566e+01	1.166798e+01	1.453918e+01
27400	1.261839e+01	1.145465e+01	1.062719e+01	9.991558e+00	9.479014e+00	9.051755e+00	8.686841e+00	1.524331e+01	1.425268e+01	1.348840e+01	1.286998e+01	1.235285e+01	1.294739e+01	1.223298e+01	1.165563e+01	1.452502e+01
27500	1.260568e+01	1.144259e+01	1.061561e+01	9.980355e+00	9.468116e+00	9.041116e+00	8.676427e+00	1.522888e+01	1.423876e+01	1.347488e+01	1.285679e+01	1.233993e+01	1.293438e+01	1.222036e+01	1.164333e+01	1.451091e+01
27600	1.259302e+01	1.143059e+01	1.060408e+01	9.969200e+00	9.457265e+00	9.030523e+00	8.666057e+00	1.521451e+01	1.422490e+01	1.346142e+01	1.284365e+01	1.232707e+01	1.292142e+01	1.220780e+01	1.163108e+01	1.449686e+01
27700	1.258041e+01	1.141864e+01	1.059260e+01	9.958091e+00	9.446460e+00	9.019974e+00	8.655731e+00	1.520019e+01	1.421110e+01	1.344802e+01	1.283057e+01	1.231426e+01	1.290852e+01	1.219528e+01	1.161889e+01	1.448288e+01
27800	1.256785e+01	1.140673e+01	1.058117e+01	9.947029e+00	9.435700e+00	9.009470e+00	8.645448e+00	1.518594e+01	1.419735e+01	1.343466e+01	1.281754e+01	1.230150e+01	1.289567e+01	1.218282e+01	1.160674e+01	1.446894e+01
27900	1.255535e+01	1.139488e+01	1.056979e+01	9.936013e+00	9.424985e+00	8.999010e+00	8.635209e+00	1.517174e+01	1.418366e+01	1.342137e+01	1.280457e+01	1.228880e+01	1.288287e+01	1.217041e+01	1.159465e+01	1.445507e+01
28000	1.254290e+01	1.138307e+01	1.055846e+01	9.925043e+00	9.414314e+00	8.988593e+00	8.625013e+00	1.515761e+01	1.417002e+01	1.340813e+01	1.279165e+01	1.227615e+01	1.287013e+01	1.215805e+01	1.158260e+01	1.444125e+01
28100	1.253049e+01	1.137132e+01	1.054717e+01	9.914119e+00	9.403689e+00	8.978220e+00	8.614859e+00	1.514353e+01	1.415644e+01	1.339494e+01	1.277878e+01	1.226355e+01	1.285744e+01	1.214574e+01	1.157060e+01	1.442749e+01
28200	1.251814e+01	1.135961e+01	1.053592e+01	9.903240e+00	9.393107e+00	8.967890e+00	8.604747e+00	1.512950e+01	1.414292e+01	1.338181e+01	1.276596e+01	1.225100e+01	1.284480e+01	1.213348e+01	1.155866e+01	1.441378e+01
28300	1.250584e+01	1.134795e+01	1.052473e+01	9.892406e+00	9.382569e+00	8.957603e+00	8.594678e+00	1.511554e+01	1.412945e+01	1.336873e+01	1.275320e+01	1.223851e+01	1.283221e+01	1.212127e+01	1.154676e+01	1.440013e+01
28400	1.249359e+01	1.133634e+01	1.051358e+01	9.881616e+00	9.372074e+00	8.947358e+00	8.584650e+00	1.510163e+01	1.411603e+01	1.335570e+01	1.274049e+01	1.222606e+01	1.281968e+01	1.210911e+01	1.153491e+01	1.438654e+01
28500	1.248139e+01	1.132477e+01	1.050247e+01	9.870870e+00	9.361622e+00	8.937155e+00	8.574663e+00	1.508777e+01	1.410267e+01	1.334272e+01	1.272783e+01	1.221366e+01	1.280719e+01	1.209700e+01	1.152311e+01	1.437300e+01
28600	1.246924e+01	1.131325e+01	1.049141e+01	9.860168e+00	9.351214e+00	8.926995e+00	8.564718e+00	1.507397e+01	1.408936e+01	1.332980e+01	1.271522e+01	1.220132e+01	1.279475e+01	1.208494e+01	1.151135e+01	1.435951e+01
28700	1.245714e+01	1.130178e+01	1.048040e+01	9.849510e+00	9.340847e+00	8.916875e+00	8.554813e+00	1.506023e+01	1.407611e+01	1.331693e+01	1.270266e+01	1.218902e+01	1.278237e+01	1.207293e+01	1.149965e+01	1.434608e+01
28800	1.244509e+01	1.129036e+01	1.046943e+01	9.838895e+00	9.330523e+00	8.906797e+00	8.544949e+00	1.504654e+01	1.406291e+01	1.330411e+01	1.269015e+01	1.217678e+01	1.277003e+01	1.206097e+01	1.148799e+01	1.433270e+01
28900	1.243308e+01	1.127898e+01	1.045850e+01	9.828323e+00	9.320241e+00	8.896760e+00	8.535125e+00	1.503290e+01	1.404976e+01	1.329134e+01	1.267769e+01	1.216458e+01	1.275774e+01	1.204905e+01	1.147638e+01	1.431937e+01
29000	1.242113e+01	1.126764e+01	1.044762e+01	9.817793e+00	9.310000e+00	8.886764e+00	8.525341e+00	1.501932e+01	1.403666e+01	1.327862e+01	1.266528e+01	1.215243e+01	1.274551e+01	1.203718e+01	1.146481e+01	1.430610e+01
29100	1.240922e+01	1.125635e+01	1.043678e+01	9.807306e+00	9.299800e+00	8.876808e+00	8.515596e+00	1.500579e+01	1.402362e+01	1.326596e+01	1.265292e+01	1.214033e+01	1.273332e+01	1.202536e+01	1.145329e+01	1.429288e+01
29200	1.239736e+01	1.124511e+01	1.042599e+01	9.796861e+00	9.289641e+00	8.866892e+00	8.505890e+00	1.499232e+01	1.401062e+01	1.325334e+01	1.264061e+01	1.212827e+01	1.272117e+01	1.201358e+01	1.144182e+01	1.427971e+01
29300	1.238554e+01	1.123391e+01	1.041524e+01	9.786457e+00	9.279523e+00	8.857016e+00	8.496224e+00	1.497890e+01	1.399768e+01	1.324077e+01	1.262835e+01	1.211626e+01	1.270908e+01	1.200186e+01	1.143039e+01	1.426659e+01
29400	1.237377e+01	1.122276e+01	1.040453e+01	9.776095e+00	9.269446e+00	8.847179e+00	8.486596e+00	1.496553e+01	1.398479e+01	1.322825e+01	1.261613e+01	1.210430e+01	1.269703e+01	1.199017e+01	1.141900e+01	1.425352e+01
29500	1.236205e+01	1.121165e+01	1.039386e+01	9.765774e+00	9.259408e+00	8.837381e+00	8.477006e+00	1.495221e+01	1.397195e+01	1.321578e+01	1.260396e+01	1.209239e+01	1.268504e+01	1.197854e+01	1.140766e+01	1.424051e+01
29600	1.235037e+01	1.120058e+01	1.038323e+01	9.755493e+00	9.249409e+00	8.827622e+00	8.467455e+00	1.493894e+01	1.395915e+01	1.320336e+01	1.259184e+01	1.208052e+01	1.267308e+01	1.196695e+01	1.139637e+01	1.422754e+01
29700	1.233874e+01	1.118956e+01	1.037265e+01	9.745253e+00	9.239451e+00	8.817901e+00	8.457941e+00	1.492573e+01	1.394641e+01	1.319098e+01	1.257977e+01	1.206870e+01	1.266118e+01	1.195540e+01	1.138512e+01	1.421463e+01
29800	1.232716e+01	1.117858e+01	1.036211e+01	9.735053e+00	9.229531e+00	8.808219e+00	8.448465e+00	1.491256e+01	1.393372e+01	1.317866e+01	1.256774e+01	1.205693e+01	1.264932e+01	1.194390e+01	1.137391e+01	1.420176e+01
29900	1.231562e+01	1.116764e+01	1.035161e+01	9.724893e+00	9.219650e+00	8.798575e+00	8.439026e+00	1.489945e+01	1.392107e+01	1.316638e+01	1.255576e+01	1.204520e+01	1.263750e+01	1.193244e+01	1.136275e+01	1.418894e+01
30000	1.230412e+01	1.115674e+01	1.034115e+01	9.714772e+00	9.209807e+00	8.788968e+00	8.429624e+00	1.488639e+01	1.390847e+01	1.315414e+01	1.254382e+01	1.203351e+01	1.262574e+01	1.192103e+01	1.135162e+01	1.417618e+01
30100	1.229267e+01	1.114589e+01	1.033073e+01	9.704690e+00	9.200003e+00	8.779399e+00	8.420258e+00	1.487337e+01	1.389592e+01	1.314196e+01	1.253193e+01	1.202187e+01	1.261401e+01	1.190966e+01	1.134055e+01	1.416346e+01
30200	1.228126e+01	1.113508e+01	1.032035e+01	9.694647e+00	9.190236e+00	8.769866e+00	8.410929e+00	1.486041e+01	1.388342e+01	1.312982e+01	1.252009e+01	1.201027e+01	1.260233e+01	1.189834e+01	1.132951e+01	1.415079e+01
30300	1.226990e+01	1.112431e+01	1.031001e+01	9.684643e+00	9.180507e+00	8.760371e+00	8.401636e+00	1.484749e+01	1.387097e+01	1.311772e+01	1.250829e+01	1.199872e+01	1.259070e+01	1.188705e+01	1.131852e+01	1.413816e+01
30400	1.225857e+01	1.111358e+01	1.029970e+01	9.674677e+00	9.170816e+00	8.750912e+00	8.392379e+00	1.483462e+01	1.385856e+01	1.310568e+01	1.249653e+01	1.198721e+01	1.257911e+01	1.187581e+01	1.130756e+01	1.412559e+01
30500	1.224730e+01	1.110289e+01	1.028944e+01	9.664749e+00	9.161161e+00	8.741489e+00	8.383158e+00	1.482181e+01	1.384620e+01	1.309367e+01	1.248482e+01	1.197575e+01	1.256756e+01	1.186462e+01	1.129665e+01	1.411306e+01
30600	1.223606e+01	1.109224e+01	1.027922e+01	9.654859e+00	9.151544e+00	8.732102e+00	8.373972e+00	1.480903e+01	1.383388e+01	1.308171e+01	1.247315e+01	1.196432e+01	1.255606e+01	1.185346e+01	1.128578e+01	1.410057e+01
30700	1.222487e+01	1.108163e+01	1.026904e+01	9.645006e+00	9.141963e+00	8.722752e+00	8.364821e+00	1.479631e+01	1.382162e+01	1.306980e+01	1.246153e+01	1.195294e+01	1.254460e+01	1.184235e+01	1.127495e+01	1.408814e+01
30800	1.221372e+01	1.107106e+01	1.025889e+01	9.635191e+00	9.132418e+00	8.713436e+00	8.355705e+00	1.478363e+01	1.380939e+01	1.305793e+01	1.244995e+01	1.194161e+01	1.253318e+01	1.183128e+01	1.126417e+01	1.407575e+01
30900	1.220261e+01	1.106054e+01	1.024878e+01	9.625412e+00	9.122909e+00	8.704156e+00	8.346624e+00	1.477101e+01	1.379721e+01	1.304611e+01	1.243841e+01	1.193031e+01	1.252181e+01	1.182025e+01	1.125342e+01	1.406340e+01
31000	1.219154e+01	1.105005e+01	1.023872e+01	9.615671e+00	9.113436e+00	8.694912e+00	8.337577e+00	1.475842e+01	1.378508e+01	1.303432e+01	1.242692e+01	1.191906e+01	1.251047e+01	1.180926e+01	1.124271e+01	1.405111e+01
31100	1.218051e+01	1.103960e+01	1.022868e+01	9.605966e+00	9.103999e+00	8.685702e+00	8.328564e+00	1.474589e+01	1.377299e+01	1.302259e+01	1.241546e+01	1.190784e+01	1.249918e+01	1.179831e+01	1.123204e+01	1.403885e+01
31200	1.216953e+01	1.102919e+01	1.021869e+01	9.596297e+00	9.094597e+00	8.676526e+00	8.319585e+00	1.473340e+01	1.376095e+01	1.301089e+01	1.240405e+01	1.189667e+01	1.248793e+01	1.178740e+01	1.122141e+01	1.402664e+01
31300	1.215858e+01	1.101881e+01	1.020873e+01	9.586664e+00	9.085231e+00	8.667385e+00	8.310640e+00	1.472095e+01	1.374895e+01	1.299924e+01	1.239268e+01	1.188554e+01	1.247673e+01	1.177653e+01	1.121083e+01	1.401448e+01
31400	1.214768e+01	1.100848e+01	1.019881e+01	9.577067e+00	9.075899e+00	8.658278e+00	8.301729e+00	1.470855e+01	1.373699e+01	1.298763e+01	1.238136e+01	1.187446e+01	1.246556e+01	1.176571e+01	1.120027e+01	1.400236e+01
31500	1.213682e+01	1.099819e+01	1.018893e+01	9.567506e+00	9.066602e+00	8.649205e+00	8.292850e+00	1.469620e+01	1.372508e+01	1.297606e+01	1.237007e+01	1.186341e+01	1.245443e+01	1.175492e+01	1.118976e+01	1.399029e+01
31600	1.212599e+01	1.098793e+01	1.017908e+01	9.557980e+00	9.057339e+00	8.640166e+00	8.284005e+00	1.468389e+01	1.371321e+01	1.296454e+01	1.235883e+01	1.185240e+01	1.244335e+01	1.174417e+01	1.117929e+01	1.397825e+01
31700	1.211521e+01	1.097771e+01	1.016927e+01	9.548489e+00	9.048111e+00	8.631160e+00	8.275193e+00	1.467162e+01	1.370139e+01	1.295305e+01	1.234762e+01	1.184143e+01	1.243231e+01	1.173346e+01	1.116886e+01	1.396627e+01
31800	1.210446e+01	1.096752e+01	1.015950e+01	9.539033e+00	9.038916e+00	8.622188e+00	8.266413e+00	1.465940e+01	1.368960e+01	1.294161e+01	1.233646e+01	1.183050e+01	1.242130e+01	1.172279e+01	1.115846e+01	1.395432e+01
31900	1.209375e+01	1.095738e+01	1.014976e+01	9.529612e+00	9.029756e+00	8.613248e+00	8.257665e+00	1.464722e+01	1.367786e+01	1.293021e+01	1.232534e+01	1.181961e+01	1.241034e+01	1.171216e+01	1.114810e+01	1.394242e+01
32000	1.208308e+01	1.094727e+01	1.014005e+01	9.520225e+00	9.020629e+00	8.604342e+00	8.248950e+00	1.463509e+01	1.366616e+01	1.291885e+01	1.231425e+01	1.180876e+01	1.239941e+01	1.170157e+01	1.113778e+01	1.393056e+01
32100	1.207245e+01	1.093720e+01	1.013039e+01	9.510872e+00	9.011535e+00	8.595467e+00	8.240267e+00	1.462300e+01	1.365450e+01	1.290753e+01	1.230321e+01	1.179795e+01	1.238853e+01	1.169101e+01	1.112750e+01	1.391874e+01
32200	1.206186e+01	1.092716e+01	1.012075e+01	9.501553e+00	9.002474e+00	8.586626e+00	8.231615e+00	1.461095e+01	1.364289e+01	1.289625e+01	1.229221e+01	1.178718e+01	1.237768e+01	1.168049e+01	1.111725e+01	1.390697e+01
32300	1.205131e+01	1.091716e+01	1.011115e+01	9.492268e+00	8.993447e+00	8.577816e+00	8.222995e+00	1.459894e+01	1.363131e+01	1.288501e+01	1.228124e+01	1.177645e+01	1.236687e+01	1.167002e+01	1.110704e+01	1.389523e+01
32400	1.204079e+01	1.090720e+01	1.010159e+01	9.483017e+00	8.984452e+00	8.569039e+00	8.214407e+00	1.458698e+01	1.361978e+01	1.287382e+01	1.227032e+01	1.176575e+01	1.235610e+01	1.165957e+01	1.109686e+01	1.388354e+01
32500	1.203032e+01	1.089727e+01	1.009206e+01	9.473798e+00	8.975489e+00	8.560293e+00	8.205849e+00	1.457506e+01	1.360829e+01	1.286266e+01	1.225943e+01	1.175509e+01	1.234537e+01	1.164917e+01	1.108673e+01	1.387189e+01
32600	1.201987e+01	1.088737e+01	1.008256e+01	9.464613e+00	8.966559e+00	8.551579e+00	8.197323e+00	1.456318e+01	1.359683e+01	1.285154e+01	1.224858e+01	1.174447e+01	1.233468e+01	1.163880e+01	1.107663e+01	1.386028e+01
32700	1.200947e+01	1.087752e+01	1.007310e+01	9.455461e+00	8.957661e+00	8.542896e+00	8.188827e+00	1.455135e+01	1.358542e+01	1.284046e+01	1.223777e+01	1.173389e+01	1.232402e+01	1.162847e+01	1.106656e+01	1.384871e+01
32800	1.199910e+01	1.086769e+01	1.006367e+01	9.446341e+00	8.948794e+00	8.534244e+00	8.180362e+00	1.453955e+01	1.357405e+01	1.282941e+01	1.222700e+01	1.172334e+01	1.231340e+01	1.161818e+01	1.105653e+01	1.383719e+01
32900	1.198877e+01	1.085790e+01	1.005428e+01	9.437254e+00	8.939959e+00	8.525624e+00	8.171927e+00	1.452780e+01	1.356272e+01	1.281841e+01	1.221626e+01	1.171283e+01	1.230282e+01	1.160792e+01	1.104654e+01	1.382570e+01
33000	1.197848e+01	1.084815e+01	1.004492e+01	9.428199e+00	8.931156e+00	8.517033e+00	8.163522e+00	1.451608e+01	1.355142e+01	1.280745e+01	1.220556e+01	1.170236e+01	1.229228e+01	1.159769e+01	1.103658e+01	1.381425e+01
33100	1.196822e+01	1.083843e+01	1.003559e+01	9.419176e+00	8.922384e+00	8.508474e+00	8.155147e+00	1.450441e+01	1.354017e+01	1.279652e+01	1.219490e+01	1.169193e+01	1.228177e+01	1.158751e+01	1.102665e+01	1.380284e+01
33200	1.195800e+01	1.082875e+01	1.002629e+01	9.410185e+00	8.913642e+00	8.499944e+00	8.146802e+00	1.449278e+01	1.352895e+01	1.278563e+01	1.218428e+01	1.168153e+01	1.227130e+01	1.157736e+01	1.101676e+01	1.379147e+01
33300	1.194781e+01	1.081910e+01	1.001703e+01	9.401225e+00	8.904932e+00	8.491445e+00	8.138486e+00	1.448118e+01	1.351778e+01	1.277478e+01	1.217369e+01	1.167116e+01	1.226087e+01	1.156724e+01	1.100691e+01	1.378014e+01
33400	1.193766e+01	1.080948e+01	1.000780e+01	9.392297e+00	8.896252e+00	8.482976e+00	8.130200e+00	1.446963e+01	1.350664e+01	1.276396e+01	1.216314e+01	1.166084e+01	1.225047e+01	1.155716e+01	1.099709e+01	1.376885e+01
33500	1.192754e+01	1.079989e+01	9.998600e+00	9.383400e+00	8.887602e+00	8.474536e+00	8.121942e+00	1.445812e+01	1.349554e+01	1.275319e+01	1.215263e+01	1.165054e+01	1.224011e+01	1.154711e+01	1.098730e+01	1.375760e+01
33600	1.191746e+01	1.079034e+01	9.989433e+00	9.374534e+00	8.878982e+00	8.466126e+00	8.113714e+00	1.444664e+01	1.348448e+01	1.274245e+01	1.214215e+01	1.164029e+01	1.222978e+01	1.153710e+01	1.097754e+01	1.374638e+01
33700	1.190741e+01	1.078082e+01	9.980298e+00	9.365698e+00	8.870393e+00	8.457745e+00	8.105514e+00	1.443521e+01	1.347345e+01	1.273174e+01	1.213171e+01	1.163007e+01	1.221949e+01	1.152713e+01	1.096782e+01	1.373521e+01
33800	1.189740e+01	1.077134e+01	9.971195e+00	9.356893e+00	8.861833e+00	8.449393e+00	8.097343e+00	1.442381e+01	1.346247e+01	1.272107e+01	1.212130e+01	1.161988e+01	1.220924e+01	1.151718e+01	1.095814e+01	1.372407e+01
33900	1.188742e+01	1.076188e+01	9.962122e+00	9.348118e+00	8.853303e+00	8.441070e+00	8.089200e+00	1.441246e+01	1.345152e+01	1.271044e+01	1.211093e+01	1.160973e+01	1.219902e+01	1.150727e+01	1.094848e+01	1.371297e+01
34000	1.187748e+01	1.075246e+01	9.953081e+00	9.339374e+00	8.844802e+00	8.432776e+00	8.081086e+00	1.440114e+01	1.344060e+01	1.269985e+01	1.210059e+01	1.159961e+01	1.218883e+01	1.149740e+01	1.093886e+01	1.370191e+01
34100	1.186757e+01	1.074308e+01	9.944070e+00	9.330659e+00	8.836330e+00	8.424510e+00	8.072999e+00	1.438985e+01	1.342973e+01	1.268929e+01	1.209029e+01	1.158952e+01	1.217868e+01	1.148756e+01	1.092927e+01	1.369088e+01
34200	1.185769e+01	1.073372e+01	9.935091e+00	9.321974e+00	8.827887e+00	8.416272e+00	8.064940e+00	1.437861e+01	1.341889e+01	1.267876e+01	1.208002e+01	1.157947e+01	1.216856e+01	1.147775e+01	1.091972e+01	1.367989e+01
34300	1.184785e+01	1.072439e+01	9.926141e+00	9.313318e+00	8.819473e+00	8.408063e+00	8.056909e+00	1.436740e+01	1.340808e+01	1.266827e+01	1.206979e+01	1.156946e+01	1.215848e+01	1.146797e+01	1.091019e+01	1.366894e+01
34400	1.183804e+01	1.071510e+01	9.917222e+00	9.304692e+00	8.811087e+00	8.399882e+00	8.048905e+00	1.435623e+01	1.339732e+01	1.265782e+01	1.205959e+01	1.155947e+01	1.214843e+01	1.145823e+01	1.090070e+01	1.365802e+01
34500	1.182826e+01	1.070584e+01	9.908333e+00	9.296095e+00	8.802730e+00	8.391728e+00	8.040929e+00	1.434510e+01	1.338658e+01	1.264740e+01	1.204943e+01	1.154952e+01	1.213841e+01	1.144852e+01	1.089124e+01	1.364714e+01
34600	1.181852e+01	1.069661e+01	9.899474e+00	9.287527e+00	8.794401e+00	8.383603e+00	8.032979e+00	1.433401e+01	1.337589e+01	1.263701e+01	1.203930e+01	1.153960e+01	1.212843e+01	1.143884e+01	1.088181e+01	1.363630e+01
34700	1.180881e+01	1.068741e+01	9.890645e+00	9.278988e+00	8.786101e+00	8.375504e+00	8.025057e+00	1.432295e+01	1.336523e+01	1.262666e+01	1.202920e+01	1.152972e+01	1.211848e+01	1.142919e+01	1.087241e+01	1.362549e+01
34800	1.179913e+01	1.067824e+01	9.881845e+00	9.270478e+00	8.777828e+00	8.367433e+00	8.017162e+00	1.431193e+01	1.335460e+01	1.261635e+01	1.201913e+01	1.151987e+01	1.210856e+01	1.141958e+01	1.086305e+01	1.361472e+01
34900	1.178948e+01	1.066910e+01	9.873075e+00	9.261996e+00	8.769583e+00	8.359390e+00	8.009293e+00	1.430094e+01	1.334401e+01	1.260606e+01	1.200910e+01	1.151005e+01	1.209868e+01	1.141000e+01	1.085371e+01	1.360398e+01
35000	1.177987e+01	1.065999e+01	9.864334e+00	9.253543e+00	8.761366e+00	8.351373e+00	8.001450e+00	1.428999e+01	1.333345e+01	1.259582e+01	1.199910e+01	1.150026e+01	1.208883e+01	1.140045e+01	1.084441e+01	1.359328e+01
35100	1.177028e+01	1.065091e+01	9.855622e+00	9.245117e+00	8.753176e+00	8.343383e+00	7.993634e+00	1.427908e+01	1.332293e+01	1.258560e+01	1.198914e+01	1.149051e+01	1.207901e+01	1.139093e+01	1.083514e+01	1.358261e+01
35200	1.176073e+01	1.064186e+01	9.846939e+00	9.236720e+00	8.745013e+00	8.335420e+00	7.985845e+00	1.426820e+01	1.331245e+01	1.257542e+01	1.197921e+01	1.148079e+01	1.206922e+01	1.138144e+01	1.082589e+01	1.357198e+01
35300	1.175121e+01	1.063284e+01	9.838284e+00	9.228350e+00	8.736878e+00	8.327483e+00	7.978081e+00	1.425735e+01	1.330199e+01	1.256527e+01	1.196930e+01	1.147110e+01	1.205946e+01	1.137198e+01	1.081668e+01	1.356138e+01
35400	1.174172e+01	1.062386e+01	9.829658e+00	9.220008e+00	8.728769e+00	8.319573e+00	7.970343e+00	1.424655e+01	1.329157e+01	1.255515e+01	1.195944e+01	1.146144e+01	1.204974e+01	1.136256e+01	1.080750e+01	1.355081e+01
35500	1.173226e+01	1.061490e+01	9.821060e+00	9.211694e+00	8.720687e+00	8.311689e+00	7.962630e+00	1.423577e+01	1.328119e+01	1.254507e+01	1.194960e+01	1.145181e+01	1.204005e+01	1.135316e+01	1.079835e+01	1.354028e+01
35600	1.172284e+01	1.060597e+01	9.812491e+00	9.203407e+00	8.712632e+00	8.303831e+00	7.954944e+00	1.422503e+01	1.327083e+01	1.253502e+01	1.193980e+01	1.144221e+01	1.203039e+01	1.134380e+01	1.078923e+01	1.352979e+01
35700	1.171344e+01	1.059706e+01	9.803949e+00	9.195147e+00	8.704604e+00	8.295999e+00	7.947282e+00	1.421433e+01	1.326051e+01	1.252500e+01	1.193002e+01	1.143265e+01	1.202076e+01	1.133446e+01	1.078013e+01	1.351933e+01
35800	1.170407e+01	1.058819e+01	9.795435e+00	9.186914e+00	8.696602e+00	8.288192e+00	7.939646e+00	1.420366e+01	1.325023e+01	1.251501e+01	1.192028e+01	1.142311e+01	1.201116e+01	1.132516e+01	1.077107e+01	1.350890e+01
35900	1.169474e+01	1.057935e+01	9.786949e+00	9.178708e+00	8.688626e+00	8.280412e+00	7.932035e+00	1.419302e+01	1.323998e+01	1.250506e+01	1.191057e+01	1.141361e+01	1.200160e+01	1.131588e+01	1.076204e+01	1.349850e+01
36000	1.168543e+01	1.057053e+01	9.778491e+00	9.170528e+00	8.680676e+00	8.272657e+00	7.924449e+00	1.418242e+01	1.322975e+01	1.249514e+01	1.190089e+01	1.140413e+01	1.199206e+01	1.130664e+01	1.075303e+01	1.348814e+01
36100	1.167615e+01	1.056175e+01	9.770060e+00	9.162375e+00	8.672751e+00	8.264927e+00	7.916888e+00	1.417185e+01	1.321957e+01	1.248525e+01	1.189124e+01	1.139469e+01	1.198255e+01	1.129743e+01	1.074405e+01	1.347781e+01
36200	1.166691e+01	1.055299e+01	9.761656e+00	9.154249e+00	8.664853e+00	8.257222e+00	7.909352e+00	1.416131e+01	1.320941e+01	1.247539e+01	1.188163e+01	1.138528e+01	1.197308e+01	1.128824e+01	1.073511e+01	1.346751e+01
36300	1.165769e+01	1.054426e+01	9.753279e+00	9.146149e+00	8.656980e+00	8.249542e+00	7.901840e+00	1.415081e+01	1.319929e+01	1.246556e+01	1.187204e+01	1.137589e+01	1.196363e+01	1.127909e+01	1.072619e+01	1.345725e+01
36400	1.164850e+01	1.053556e+01	9.744929e+00	9.138074e+00	8.649133e+00	8.241887e+00	7.894352e+00	1.414034e+01	1.318920e+01	1.245576e+01	1.186248e+01	1.136654e+01	1.195422e+01	1.126996e+01	1.071730e+01	1.344702e+01
36500	1.163934e+01	1.052688e+01	9.736605e+00	9.130026e+00	8.641311e+00	8.234257e+00	7.886889e+00	1.412991e+01	1.317914e+01	1.244599e+01	1.185295e+01	1.135721e+01	1.194483e+01	1.126086e+01	1.070844e+01	1.343682e+01
36600	1.163021e+01	1.051823e+01	9.728308e+00	9.122004e+00	8.633514e+00	8.226652e+00	7.879450e+00	1.411950e+01	1.316911e+01	1.243626e+01	1.184346e+01	1.134792e+01	1.193548e+01	1.125179e+01	1.069960e+01	1.342665e+01
36700	1.162111e+01	1.050961e+01	9.720038e+00	9.114007e+00	8.625742e+00	8.219071e+00	7.872035e+00	1.410913e+01	1.315911e+01	1.242655e+01	1.183399e+01	1.133865e+01	1.192615e+01	1.124275e+01	1.069080e+01	1.341652e+01
36800	1.161204e+01	1.050102e+01	9.711794e+00	9.106036e+00	8.617995e+00	8.211514e+00	7.864643e+00	1.409879e+01	1.314914e+01	1.241688e+01	1.182455e+01	1.132942e+01	1.191686e+01	1.123374e+01	1.068202e+01	1.340641e+01
36900	1.160300e+01	1.049246e+01	9.703576e+00	9.098090e+00	8.610272e+00	8.203981e+00	7.857276e+00	1.408849e+01	1.313921e+01	1.240724e+01	1.181515e+01	1.132021e+01	1.190759e+01	1.122476e+01	1.067327e+01	1.339634e+01
37000	1.159398e+01	1.048392e+01	9.695384e+00	9.090169e+00	8.602574e+00	8.196472e+00	7.849931e+00	1.407821e+01	1.312931e+01	1.239762e+01	1.180577e+01	1.131103e+01	1.189835e+01	1.121580e+01	1.066455e+01	1.338630e+01
37100	1.158499e+01	1.047541e+01	9.687218e+00	9.082273e+00	8.594901e+00	8.188987e+00	7.842611e+00	1.406797e+01	1.311943e+01	1.238804e+01	1.179642e+01	1.130188e+01	1.188914e+01	1.120688e+01	1.065585e+01	1.337629e+01
37200	1.157603e+01	1.046692e+01	9.679077e+00	9.074402e+00	8.587251e+00	8.181526e+00	7.835313e+00	1.405776e+01	1.310959e+01	1.237848e+01	1.178710e+01	1.129276e+01	1.187996e+01	1.119798e+01	1.064718e+01	1.336631e+01
37300	1.156710e+01	1.045846e+01	9.670962e+00	9.066556e+00	8.579626e+00	8.174089e+00	7.828039e+00	1.404758e+01	1.309978e+01	1.236896e+01	1.177781e+01	1.128366e+01	1.187080e+01	1.118911e+01	1.063854e+01	1.335636e+01
37400	1.155820e+01	1.045003e+01	9.662872e+00	9.058734e+00	8.572025e+00	8.166674e+00	7.820787e+00	1.403743e+01	1.309000e+01	1.235946e+01	1.176854e+01	1.127460e+01	1.186168e+01	1.118026e+01	1.062993e+01	1.334644e+01
37500	1.154932e+01	1.044162e+01	9.654807e+00	9.050937e+00	8.564447e+00	8.159283e+00	7.813558e+00	1.402731e+01	1.308024e+01	1.234999e+01	1.175931e+01	1.126556e+01	1.185258e+01	1.117144e+01	1.062134e+01	1.333655e+01
37600	1.154047e+01	1.043324e+01	9.646768e+00	9.043164e+00	8.556893e+00	8.151916e+00	7.806352e+00	1.401722e+01	1.307052e+01	1.234055e+01	1.175010e+01	1.125655e+01	1.184352e+01	1.116265e+01	1.061278e+01	1.332669e+01
37700	1.153165e+01	1.042489e+01	9.638753e+00	9.035415e+00	8.549363e+00	8.144571e+00	7.799169e+00	1.400717e+01	1.306083e+01	1.233114e+01	1.174092e+01	1.124757e+01	1.183447e+01	1.115389e+01	1.060424e+01	1.331686e+01
37800	1.152286e+01	1.041656e+01	9.630763e+00	9.027690e+00	8.541856e+00	8.137249e+00	7.792008e+00	1.399714e+01	1.305116e+01	1.232176e+01	1.173177e+01	1.123861e+01	1.182546e+01	1.114516e+01	1.059573e+01	1.330707e+01
37900	1.151409e+01	1.040826e+01	9.622798e+00	9.019989e+00	8.534372e+00	8.129950e+00	7.784869e+00	1.398715e+01	1.304153e+01	1.231241e+01	1.172265e+01	1.122968e+01	1.181648e+01	1.113645e+01	1.058725e+01	1.329730e+01
38000	1.150535e+01	1.039998e+01	9.614857e+00	9.012311e+00	8.526911e+00	8.122673e+00	7.777752e+00	1.397718e+01	1.303192e+01	1.230308e+01	1.171356e+01	1.122078e+01	1.180752e+01	1.112776e+01	1.057879e+01	1.328756e+01
38100	1.149664e+01	1.039173e+01	9.606940e+00	9.004657e+00	8.519473e+00	8.115419e+00	7.770658e+00	1.396725e+01	1.302235e+01	1.229379e+01	1.170449e+01	1.121191e+01	1.179859e+01	1.111911e+01	1.057036e+01	1.327785e+01
38200	1.148795e+01	1.038350e+01	9.599048e+00	8.997027e+00	8.512058e+00	8.108187e+00	7.763585e+00	1.395734e+01	1.301280e+01	1.228452e+01	1.169545e+01	1.120306e+01	1.178968e+01	1.111048e+01	1.056196e+01	1.326817e+01
38300	1.147929e+01	1.037530e+01	9.591179e+00	8.989420e+00	8.504666e+00	8.100977e+00	7.756534e+00	1.394746e+01	1.300328e+01	1.227528e+01	1.168643e+01	1.119424e+01	1.178080e+01	1.110187e+01	1.055358e+01	1.325851e+01
38400	1.147065e+01	1.036712e+01	9.583335e+00	8.981835e+00	8.497296e+00	8.093789e+00	7.749505e+00	1.393762e+01	1.299379e+01	1.226607e+01	1.167745e+01	1.118544e+01	1.177195e+01	1.109329e+01	1.054522e+01	1.324889e+01
38500	1.146205e+01	1.035897e+01	9.575514e+00	8.974274e+00	8.489949e+00	8.086623e+00	7.742497e+00	1.392780e+01	1.298433e+01	1.225688e+01	1.166849e+01	1.117667e+01	1.176313e+01	1.108474e+01	1.053689e+01	1.323930e+01
38600	1.145346e+01	1.035084e+01	9.567716e+00	8.966736e+00	8.482624e+00	8.079479e+00	7.735510e+00	1.391801e+01	1.297489e+01	1.224772e+01	1.165956e+01	1.116793e+01	1.175433e+01	1.107621e+01	1.052858e+01	1.322973e+01
38700	1.144491e+01	1.034274e+01	9.559943e+00	8.959221e+00	8.475321e+00	8.072357e+00	7.728545e+00	1.390825e+01	1.296549e+01	1.223859e+01	1.165065e+01	1.115921e+01	1.174556e+01	1.106771e+01	1.052030e+01	1.322019e+01
38800	1.143637e+01	1.033466e+01	9.552192e+00	8.951728e+00	8.468040e+00	8.065257e+00	7.721601e+00	1.389852e+01	1.295611e+01	1.222949e+01	1.164177e+01	1.115052e+01	1.173681e+01	1.105923e+01	1.051205e+01	1.321068e+01
38900	1.142787e+01	1.032661e+01	9.544465e+00	8.944257e+00	8.460781e+00	8.058177e+00	7.714679e+00	1.388882e+01	1.294676e+01	1.222041e+01	1.163291e+01	1.114186e+01	1.172809e+01	1.105078e+01	1.050382e+01	1.320120e+01
39000	1.141939e+01	1.031858e+01	9.536761e+00	8.936809e+00	8.453544e+00	8.051120e+00	7.707777e+00	1.387915e+01	1.293743e+01	1.221136e+01	1.162409e+01	1.113322e+01	1.171940e+01	1.104236e+01	1.049561e+01	1.319174e+01
39100	1.141093e+01	1.031057e+01	9.529080e+00	8.929384e+00	8.446328e+00	8.044083e+00	7.700896e+00	1.386950e+01	1.292814e+01	1.220233e+01	1.161528e+01	1.112460e+01	1.171073e+01	1.103396e+01	1.048743e+01	1.318232e+01
39200	1.140250e+01	1.030259e+01	9.521421e+00	8.921980e+00	8.439135e+00	8.037067e+00	7.694035e+00	1.385989e+01	1.291887e+01	1.219333e+01	1.160651e+01	1.111602e+01	1.170209e+01	1.102558e+01	1.047927e+01	1.317292e+01
39300	1.139409e+01	1.029463e+01	9.513786e+00	8.914599e+00	8.431962e+00	8.030073e+00	7.687196e+00	1.385030e+01	1.290962e+01	1.218436e+01	1.159776e+01	1.110745e+01	1.169347e+01	1.101723e+01	1.047114e+01	1.316354e+01
39400	1.138571e+01	1.028669e+01	9.506173e+00	8.907239e+00	8.424812e+00	8.023100e+00	7.680376e+00	1.384074e+01	1.290041e+01	1.217542e+01	1.158903e+01	1.109891e+01	1.168488e+01	1.100890e+01	1.046303e+01	1.315420e+01
39500	1.137736e+01	1.027878e+01	9.498582e+00	8.899902e+00	8.417682e+00	8.016147e+00	7.673577e+00	1.383120e+01	1.289122e+01	1.216650e+01	1.158033e+01	1.109040e+01	1.167631e+01	1.100060e+01	1.045494e+01	1.314488e+01
39600	1.136903e+01	1.027089e+01	9.491014e+00	8.892586e+00	8.410573e+00	8.009215e+00	7.666799e+00	1.382170e+01	1.288206e+01	1.215760e+01	1.157166e+01	1.108191e+01	1.166777e+01	1.099232e+01	1.044688e+01	1.313559e+01
39700	1.136072e+01	1.026302e+01	9.483468e+00	8.885291e+00	8.403486e+00	8.002303e+00	7.660040e+00	1.381222e+01	1.287292e+01	1.214874e+01	1.156301e+01	1.107345e+01	1.165925e+01	1.098406e+01	1.043884e+01	1.312633e+01
39800	1.135243e+01	1.025518e+01	9.475945e+00	8.878018e+00	8.396419e+00	7.995412e+00	7.653302e+00	1.380277e+01	1.286381e+01	1.213989e+01	1.155439e+01	1.106501e+01	1.165076e+01	1.097583e+01	1.043082e+01	1.311709e+01
39900	1.134418e+01	1.024736e+01	9.468443e+00	8.870767e+00	8.389374e+00	7.988541e+00	7.646584e+00	1.379334e+01	1.285473e+01	1.213108e+01	1.154579e+01	1.105659e+01	1.164229e+01	1.096763e+01	1.042283e+01	1.310788e+01
40000	1.133594e+01	1.023956e+01	9.460963e+00	8.863537e+00	8.382349e+00	7.981691e+00	7.639885e+00	1.378395e+01	1.284568e+01	1.212229e+01	1.153721e+01	1.104820e+01	1.163385e+01	1.095944e+01	1.041486e+01	1.309869e+01
40100	1.132773e+01	1.023178e+01	9.453505e+00	8.856327e+00	8.375344e+00	7.974861e+00	7.633206e+00	1.377458e+01	1.283664e+01	1.211352e+01	1.152866e+01	1.103984e+01	1.162543e+01	1.095128e+01	1.040691e+01	1.308954e+01
40200	1.131954e+01	1.022403e+01	9.446069e+00	8.849139e+00	8.368360e+00	7.968050e+00	7.626547e+00	1.376523e+01	1.282764e+01	1.210478e+01	1.152014e+01	1.103149e+01	1.161703e+01	1.094315e+01	1.039899e+01	1.308040e+01
40300	1.131138e+01	1.021630e+01	9.438654e+00	8.841972e+00	8.361397e+00	7.961260e+00	7.619907e+00	1.375592e+01	1.281866e+01	1.209606e+01	1.151164e+01	1.102317e+01	1.160866e+01	1.093504e+01	1.039109e+01	1.307130e+01
40400	1.130323e+01	1.020859e+01	9.431261e+00	8.834825e+00	8.354454e+00	7.954489e+00	7.613287e+00	1.374663e+01	1.280971e+01	1.208737e+01	1.150316e+01	1.101488e+01	1.160032e+01	1.092695e+01	1.038321e+01	1.306222e+01
40500	1.129512e+01	1.020091e+01	9.423889e+00	8.827700e+00	8.347530e+00	7.947739e+00	7.606686e+00	1.373736e+01	1.280078e+01	1.207870e+01	1.149471e+01	1.100661e+01	1.159199e+01	1.091888e+01	1.037536e+01	1.305316e+01
40600	1.128702e+01	1.019324e+01	9.416538e+00	8.820595e+00	8.340627e+00	7.941007e+00	7.600105e+00	1.372813e+01	1.279187e+01	1.207006e+01	1.148628e+01	1.099836e+01	1.158369e+01	1.091084e+01	1.036752e+01	1.304414e+01
40700	1.127895e+01	1.018560e+01	9.409209e+00	8.813510e+00	8.333744e+00	7.934296e+00	7.593542e+00	1.371891e+01	1.278300e+01	1.206144e+01	1.147787e+01	1.099013e+01	1.157542e+01	1.090282e+01	1.035971e+01	1.303513e+01
40800	1.127090e+01	1.017798e+01	9.401900e+00	8.806446e+00	8.326881e+00	7.927604e+00	7.586999e+00	1.370973e+01	1.277414e+01	1.205285e+01	1.146949e+01	1.098193e+01	1.156717e+01	1.089482e+01	1.035193e+01	1.302615e+01
40900	1.126288e+01	1.017038e+01	9.394612e+00	8.799402e+00	8.320038e+00	7.920931e+00	7.580474e+00	1.370057e+01	1.276531e+01	1.204428e+01	1.146114e+01	1.097375e+01	1.155894e+01	1.088685e+01	1.034416e+01	1.301720e+01
41000	1.125487e+01	1.016281e+01	9.387345e+00	8.792378e+00	8.313214e+00	7.914277e+00	7.573969e+00	1.369143e+01	1.275651e+01	1.203574e+01	1.145280e+01	1.096560e+01	1.155073e+01	1.087889e+01	1.033642e+01	1.300827e+01
41100	1.124689e+01	1.015525e+01	9.380099e+00	8.785374e+00	8.306410e+00	7.907643e+00	7.567482e+00	1.368232e+01	1.274773e+01	1.202722e+01	1.144449e+01	1.095747e+01	1.154255e+01	1.087096e+01	1.032869e+01	1.299937e+01
41200	1.123894e+01	1.014772e+01	9.372873e+00	8.778390e+00	8.299625e+00	7.901027e+00	7.561013e+00	1.367324e+01	1.273898e+01	1.201872e+01	1.143620e+01	1.094936e+01	1.153439e+01	1.086306e+01	1.032099e+01	1.299049e+01
41300	1.123100e+01	1.014021e+01	9.365668e+00	8.771426e+00	8.292860e+00	7.894431e+00	7.554564e+00	1.366418e+01	1.273025e+01	1.201024e+01	1.142794e+01	1.094127e+01	1.152625e+01	1.085517e+01	1.031332e+01	1.298164e+01
41400	1.122309e+01	1.013271e+01	9.358484e+00	8.764482e+00	8.286114e+00	7.887853e+00	7.548132e+00	1.365515e+01	1.272154e+01	1.200179e+01	1.141970e+01	1.093321e+01	1.151814e+01	1.084731e+01	1.030566e+01	1.297281e+01
41500	1.121520e+01	1.012524e+01	9.351319e+00	8.757558e+00	8.279387e+00	7.881294e+00	7.541720e+00	1.364614e+01	1.271286e+01	1.199337e+01	1.141148e+01	1.092517e+01	1.151005e+01	1.083947e+01	1.029802e+01	1.296401e+01
41600	1.120733e+01	1.011779e+01	9.344175e+00	8.750653e+00	8.272679e+00	7.874754e+00	7.535325e+00	1.363716e+01	1.270420e+01	1.198497e+01	1.140329e+01	1.091715e+01	1.150198e+01	1.083165e+01	1.029041e+01	1.295523e+01
41700	1.119948e+01	1.011037e+01	9.337050e+00	8.743767e+00	8.265990e+00	7.868232e+00	7.528948e+00	1.362820e+01	1.269557e+01	1.197659e+01	1.139511e+01	1.090915e+01	1.149393e+01	1.082385e+01	1.028282e+01	1.294647e+01
41800	1.119166e+01	1.010296e+01	9.329946e+00	8.736901e+00	8.259320e+00	7.861728e+00	7.522590e+00	1.361926e+01	1.268696e+01	1.196823e+01	1.138696e+01	1.090117e+01	1.148591e+01	1.081608e+01	1.027524e+01	1.293774e+01
41900	1.118385e+01	1.009557e+01	9.322862e+00	8.730054e+00	8.252668e+00	7.855243e+00	7.516249e+00	1.361035e+01	1.267837e+01	1.195989e+01	1.137884e+01	1.089322e+01	1.147791e+01	1.080832e+01	1.026769e+01	1.292903e+01
42000	1.117607e+01	1.008820e+01	9.315797e+00	8.723226e+00	8.246036e+00	7.848776e+00	7.509927e+00	1.360147e+01	1.266981e+01	1.195158e+01	1.137073e+01	1.088529e+01	1.146993e+01	1.080059e+01	1.026016e+01	1.292035e+01
42100	1.116831e+01	1.008086e+01	9.308752e+00	8.716417e+00	8.239421e+00	7.842327e+00	7.503622e+00	1.359261e+01	1.266127e+01	1.194329e+01	1.136265e+01	1.087738e+01	1.146197e+01	1.079288e+01	1.025265e+01	1.291169e+01
42200	1.116057e+01	1.007353e+01	9.301726e+00	8.709628e+00	8.232826e+00	7.835896e+00	7.497335e+00	1.358377e+01	1.265275e+01	1.193503e+01	1.135459e+01	1.086949e+01	1.145403e+01	1.078519e+01	1.024517e+01	1.290305e+01
42300	1.115285e+01	1.006623e+01	9.294720e+00	8.702856e+00	8.226248e+00	7.829484e+00	7.491065e+00	1.357496e+01	1.264426e+01	1.192679e+01	1.134655e+01	1.086163e+01	1.144612e+01	1.077752e+01	1.023770e+01	1.289444e+01
42400	1.114516e+01	1.005894e+01	9.287733e+00	8.696104e+00	8.219689e+00	7.823088e+00	7.484813e+00	1.356617e+01	1.263579e+01	1.191856e+01	1.133853e+01	1.085378e+01	1.143822e+01	1.076987e+01	1.023025e+01	1.288585e+01
42500	1.113748e+01	1.005168e+01	9.280765e+00	8.689370e+00	8.213148e+00	7.816711e+00	7.478578e+00	1.355740e+01	1.262734e+01	1.191037e+01	1.133053e+01	1.084596e+01	1.143035e+01	1.076224e+01	1.022282e+01	1.287728e+01
42600	1.112983e+01	1.004443e+01	9.273817e+00	8.682655e+00	8.206625e+00	7.810352e+00	7.472361e+00	1.354866e+01	1.261892e+01	1.190219e+01	1.132256e+01	1.083815e+01	1.142250e+01	1.075464e+01	1.021542e+01	1.286874e+01
42700	1.112219e+01	1.003720e+01	9.266887e+00	8.675958e+00	8.200120e+00	7.804009e+00	7.466160e+00	1.353994e+01	1.261052e+01	1.189403e+01	1.131461e+01	1.083037e+01	1.141467e+01	1.074705e+01	1.020803e+01	1.286022e+01
42800	1.111458e+01	1.003000e+01	9.259977e+00	8.669280e+00	8.193632e+00	7.797685e+00	7.459977e+00	1.353125e+01	1.260214e+01	1.188590e+01	1.130668e+01	1.082261e+01	1.140687e+01	1.073948e+01	1.020066e+01	1.285172e+01
42900	1.110699e+01	1.002281e+01	9.253085e+00	8.662620e+00	8.187163e+00	7.791378e+00	7.453811e+00	1.352258e+01	1.259378e+01	1.187779e+01	1.129877e+01	1.081487e+01	1.139908e+01	1.073194e+01	1.019331e+01	1.284324e+01
43000	1.109942e+01	1.001564e+01	9.246212e+00	8.655978e+00	8.180711e+00	7.785088e+00	7.447662e+00	1.351393e+01	1.258545e+01	1.186970e+01	1.129088e+01	1.080715e+01	1.139131e+01	1.072441e+01	1.018599e+01	1.283479e+01
43100	1.109187e+01	1.000850e+01	9.239357e+00	8.649353e+00	8.174277e+00	7.778815e+00	7.441530e+00	1.350530e+01	1.257713e+01	1.186163e+01	1.128301e+01	1.079946e+01	1.138357e+01	1.071691e+01	1.017868e+01	1.282636e+01
43200	1.108434e+01	1.000137e+01	9.232521e+00	8.642747e+00	8.167860e+00	7.772559e+00	7.435415e+00	1.349670e+01	1.256884e+01	1.185359e+01	1.127516e+01	1.079178e+01	1.137584e+01	1.070943e+01	1.017139e+01	1.281795e+01
43300	1.107682e+01	9.994257e+00	9.225704e+00	8.636159e+00	8.161461e+00	7.766320e+00	7.429316e+00	1.348812e+01	1.256058e+01	1.184556e+01	1.126734e+01	1.078412e+01	1.136814e+01	1.070196e+01	1.016412e+01	1.280956e+01
43400	1.106933e+01	9.987167e+00	9.218905e+00	8.629589e+00	8.155079e+00	7.760099e+00	7.423234e+00	1.347956e+01	1.255233e+01	1.183756e+01	1.125953e+01	1.077648e+01	1.136046e+01	1.069452e+01	1.015687e+01	1.280120e+01
43500	1.106186e+01	9.980096e+00	9.212124e+00	8.623036e+00	8.148714e+00	7.753894e+00	7.417168e+00	1.347103e+01	1.254411e+01	1.182957e+01	1.125175e+01	1.076887e+01	1.135279e+01	1.068709e+01	1.014964e+01	1.279286e+01
43600	1.105441e+01	9.973043e+00	9.205361e+00	8.616501e+00	8.142366e+00	7.747706e+00	7.411119e+00	1.346252e+01	1.253590e+01	1.182161e+01	1.124398e+01	1.076127e+01	1.134515e+01	1.067969e+01	1.014243e+01	1.278454e+01
43700	1.104698e+01	9.966009e+00	9.198617e+00	8.609983e+00	8.136036e+00	7.741535e+00	7.405086e+00	1.345403e+01	1.252772e+01	1.181367e+01	1.123624e+01	1.075369e+01	1.133753e+01	1.067230e+01	1.013524e+01	1.277624e+01
43800	1.103957e+01	9.958995e+00	9.191890e+00	8.603483e+00	8.129722e+00	7.735380e+00	7.399070e+00	1.344556e+01	1.251956e+01	1.180575e+01	1.122852e+01	1.074614e+01	1.132993e+01	1.066493e+01	1.012807e+01	1.276797e+01
43900	1.103218e+01	9.951998e+00	9.185181e+00	8.597000e+00	8.123426e+00	7.729242e+00	7.393070e+00	1.343711e+01	1.251142e+01	1.179785e+01	1.122081e+01	1.073860e+01	1.132234e+01	1.065759e+01	1.012092e+01	1.275971e+01
44000	1.102481e+01	9.945020e+00	9.178490e+00	8.590535e+00	8.117146e+00	7.723120e+00	7.387086e+00	1.342869e+01	1.250330e+01	1.178997e+01	1.121313e+01	1.073108e+01	1.131478e+01	1.065026e+01	1.011378e+01	1.275148e+01
44100	1.101745e+01	9.938061e+00	9.171817e+00	8.584087e+00	8.110883e+00	7.717015e+00	7.381118e+00	1.342029e+01	1.249521e+01	1.178212e+01	1.120547e+01	1.072359e+01	1.130724e+01	1.064295e+01	1.010667e+01	1.274327e+01
44200	1.101012e+01	9.931120e+00	9.165162e+00	8.577655e+00	8.104637e+00	7.710926e+00	7.375166e+00	1.341191e+01	1.248713e+01	1.177428e+01	1.119783e+01	1.071611e+01	1.129972e+01	1.063566e+01	1.009957e+01	1.273508e+01
44300	1.100281e+01	9.924197e+00	9.158524e+00	8.571241e+00	8.098407e+00	7.704854e+00	7.369230e+00	1.340355e+01	1.247908e+01	1.176646e+01	1.119020e+01	1.070865e+01	1.129221e+01	1.062839e+01	1.009249e+01	1.272691e+01
44400	1.099551e+01	9.917293e+00	9.151903e+00	8.564844e+00	8.092194e+00	7.698797e+00	7.363310e+00	1.339521e+01	1.247104e+01	1.175866e+01	1.118260e+01	1.070121e+01	1.128473e+01	1.062114e+01	1.008543e+01	1.271876e+01
44500	1.098824e+01	9.910406e+00	9.145300e+00	8.558464e+00	8.085998e+00	7.692757e+00	7.357406e+00	1.338690e+01	1.246303e+01	1.175089e+01	1.117502e+01	1.069379e+01	1.127727e+01	1.061391e+01	1.007839e+01	1.271063e+01
44600	1.098098e+01	9.903538e+00	9.138715e+00	8.552101e+00	8.079817e+00	7.686733e+00	7.351517e+00	1.337860e+01	1.245504e+01	1.174313e+01	1.116745e+01	1.068639e+01	1.126982e+01	1.060670e+01	1.007137e+01	1.270253e+01
44700	1.097374e+01	9.896687e+00	9.132146e+00	8.545754e+00	8.073653e+00	7.680724e+00	7.345644e+00	1.337033e+01	1.244707e+01	1.173539e+01	1.115991e+01	1.067901e+01	1.126240e+01	1.059950e+01	1.006436e+01	1.269444e+01
44800	1.096652e+01	9.889854e+00	9.125595e+00	8.539424e+00	8.067506e+00	7.674731e+00	7.339787e+00	1.336208e+01	1.243912e+01	1.172768e+01	1.115238e+01	1.067165e+01	1.125499e+01	1.059233e+01	1.005738e+01	1.268638e+01
44900	1.095932e+01	9.883039e+00	9.119061e+00	8.533110e+00	8.061374e+00	7.668755e+00	7.333944e+00	1.335385e+01	1.243119e+01	1.171998e+01	1.114488e+01	1.066430e+01	1.124760e+01	1.058517e+01	1.005041e+01	1.267833e+01
45000	1.095214e+01	9.876242e+00	9.112544e+00	8.526813e+00	8.055259e+00	7.662794e+00	7.328118e+00	1.334564e+01	1.242327e+01	1.171230e+01	1.113739e+01	1.065698e+01	1.124023e+01	1.057803e+01	1.004346e+01	1.267031e+01
