300	2.499137e+01	2.346770e+01	2.234929e+01	2.143823e+01	2.061199e+01	1.849366e+01	1.821440e+01	2.687318e+01	2.539035e+01	2.422168e+01	2.170317e+01	2.138430e+01	2.545004e+01	2.283687e+01	2.243715e+01	2.422168e+01
400	2.367504e+01	2.214509e+01	2.097327e+01	2.002137e+01	1.920456e+01	1.849366e+01	1.821440e+01	2.517987e+01	2.375044e+01	2.261318e+01	2.170317e+01	2.138430e+01	2.392637e+01	2.283687e+01	2.243715e+01	2.261318e+01
500	2.264146e+01	2.108951e+01	1.991141e+01	1.901606e+01	1.812385e+01	1.737660e+01	1.670887e+01	2.390124e+01	2.260376e+01	2.149164e+01	2.058712e+01	1.978789e+01	2.272628e+01	2.163772e+01	2.071252e+01	2.149164e+01
600	2.182779e+01	2.021615e+01	1.903805e+01	1.799504e+01	1.711226e+01	1.635693e+01	1.570763e+01	2.288964e+01	2.151677e+01	2.044234e+01	1.946530e+01	1.861886e+01	2.174925e+01	2.061639e+01	1.963275e+01	2.044234e+01
700	2.109894e+01	1.949672e+01	1.785367e+01	1.708712e+01	1.636141e+01	1.564513e+01	1.502761e+01	2.208854e+01	2.068425e+01	1.953756e+01	1.861210e+01	1.788011e+01	2.083818e+01	1.967045e+01	1.872336e+01	1.953756e+01
800	2.043606e+01	1.877730e+01	1.745783e+01	1.648708e+01	1.567969e+01	1.494546e+01	1.428853e+01	2.134084e+01	1.992398e+01	1.885584e+01	1.800133e+01	1.731302e+01	2.008106e+01	1.899281e+01	1.817454e+01	1.885584e+01
900	1.984858e+01	1.812071e+01	1.688606e+01	1.590588e+01	1.507650e+01	1.433127e+01	1.366753e+01	2.068739e+01	1.927681e+01	1.825579e+01	1.740756e+01	1.668011e+01	1.947787e+01	1.844303e+01	1.760736e+01	1.825579e+01
1000	1.927681e+01	1.760234e+01	1.636770e+01	1.537810e+01	1.452044e+01	1.376547e+01	1.310614e+01	2.005593e+01	1.873646e+01	1.772487e+01	1.686974e+01	1.611191e+01	1.893124e+01	1.787858e+01	1.697278e+01	1.772487e+01
1100	1.876480e+01	1.714036e+01	1.590941e+01	1.489744e+01	1.401954e+01	1.327635e+01	1.264976e+01	1.950017e+01	1.824432e+01	1.722963e+01	1.634661e+01	1.554983e+01	1.842521e+01	1.735608e+01	1.644562e+01	1.722963e+01
1200	1.831836e+01	1.670836e+01	1.547345e+01	1.445285e+01	1.357456e+01	1.285406e+01	1.225986e+01	1.902674e+01	1.778612e+01	1.676157e+01	1.585566e+01	1.505379e+01	1.795930e+01	1.688536e+01	1.598776e+01	1.676157e+01
1300	1.792435e+01	1.630504e+01	1.506212e+01	1.404344e+01	1.317896e+01	1.248408e+01	1.191779e+01	1.861724e+01	1.736036e+01	1.632372e+01	1.541109e+01	1.463279e+01	1.753026e+01	1.645847e+01	1.557542e+01	1.632372e+01
1400	1.756964e+01	1.592907e+01	1.467771e+01	1.366833e+01	1.282623e+01	1.215709e+01	1.161441e+01	1.825330e+01	1.696554e+01	1.591914e+01	1.501749e+01	1.428412e+01	1.713485e+01	1.607023e+01	1.520343e+01	1.591914e+01
1500	1.724106e+01	1.557916e+01	1.432252e+01	1.332664e+01	1.250982e+01	1.186388e+01	1.133802e+01	1.791650e+01	1.660018e+01	1.555088e+01	1.467772e+01	1.400041e+01	1.676982e+01	1.571550e+01	1.486467e+01	1.555088e+01
1600	1.692771e+01	1.525381e+01	1.399782e+01	1.301683e+01	1.222335e+01	1.159617e+01	1.107877e+01	1.759184e+01	1.626260e+01	1.522061e+01	1.438534e+01	1.375484e+01	1.643197e+01	1.538957e+01	1.455300e+01	1.522061e+01
1700	1.662757e+01	1.495085e+01	1.370078e+01	1.273478e+01	1.196104e+01	1.134648e+01	1.082660e+01	1.727780e+01	1.595052e+01	1.492443e+01	1.412602e+01	1.352463e+01	1.611832e+01	1.508807e+01	1.426189e+01	1.492443e+01
1800	1.634085e+01	1.466794e+01	1.342754e+01	1.247568e+01	1.171724e+01	1.110687e+01	1.057006e+01	1.697624e+01	1.566145e+01	1.465703e+01	1.389008e+01	1.330324e+01	1.582594e+01	1.480638e+01	1.398402e+01	1.465703e+01
1900	1.606775e+01	1.440273e+01	1.317426e+01	1.223474e+01	1.148631e+01	1.086931e+01	1.029968e+01	1.668901e+01	1.539293e+01	1.441313e+01	1.366960e+01	1.308302e+01	1.555190e+01	1.453983e+01	1.371337e+01	1.441313e+01
2000	1.580849e+01	1.415287e+01	1.293708e+01	1.200717e+01	1.126261e+01	1.062718e+01	1.001704e+01	1.641796e+01	1.514248e+01	1.418743e+01	1.345786e+01	1.286479e+01	1.529327e+01	1.428441e+01	1.345045e+01	1.418743e+01
2100	1.556309e+01	1.391627e+01	1.271260e+01	1.178885e+01	1.104151e+01	1.038119e+01	9.738520e+00	1.616443e+01	1.490787e+01	1.397539e+01	1.325444e+01	1.266233e+01	1.504747e+01	1.403945e+01	1.320279e+01	1.397539e+01
2200	1.533080e+01	1.369179e+01	1.249929e+01	1.157840e+01	1.082240e+01	1.013752e+01	9.473406e+00	1.592761e+01	1.468787e+01	1.377546e+01	1.306312e+01	1.248090e+01	1.481326e+01	1.380632e+01	1.297193e+01	1.377546e+01
2300	1.511069e+01	1.347857e+01	1.229606e+01	1.137511e+01	1.060568e+01	9.898200e+00	9.217180e+00	1.570614e+01	1.448146e+01	1.358684e+01	1.288394e+01	1.231323e+01	1.458977e+01	1.358433e+01	1.275192e+01	1.358684e+01
2400	1.490182e+01	1.327571e+01	1.210182e+01	1.117830e+01	1.039176e+01	9.663771e+00	8.968656e+00	1.549870e+01	1.428764e+01	1.340873e+01	1.271573e+01	1.215574e+01	1.437611e+01	1.337202e+01	1.253942e+01	1.340873e+01
2500	1.470326e+01	1.308234e+01	1.191550e+01	1.098725e+01	1.018102e+01	9.434790e+00	8.728691e+00	1.530393e+01	1.410540e+01	1.324034e+01	1.255728e+01	1.200660e+01	1.417140e+01	1.316802e+01	1.233241e+01	1.324034e+01
2600	1.451408e+01	1.289758e+01	1.173601e+01	1.080126e+01	9.973871e+00	9.211869e+00	8.498118e+00	1.512050e+01	1.393375e+01	1.308086e+01	1.240735e+01	1.186417e+01	1.397476e+01	1.297093e+01	1.212867e+01	1.308086e+01
2700	1.433334e+01	1.272056e+01	1.156226e+01	1.061964e+01	9.770711e+00	8.995558e+00	8.277631e+00	1.494707e+01	1.377168e+01	1.292949e+01	1.226479e+01	1.172690e+01	1.378531e+01	1.277929e+01	1.192602e+01	1.292949e+01
2800	1.416011e+01	1.255039e+01	1.139318e+01	1.044168e+01	9.571940e+00	8.786430e+00	8.068045e+00	1.478229e+01	1.361819e+01	1.278544e+01	1.212844e+01	1.159293e+01	1.360216e+01	1.259170e+01	1.172246e+01	1.278544e+01
2900	1.399345e+01	1.238619e+01	1.122769e+01	1.026668e+01	9.377956e+00	8.585052e+00	7.869735e+00	1.462482e+01	1.347227e+01	1.264792e+01	1.199704e+01	1.146083e+01	1.342443e+01	1.240676e+01	1.151696e+01	1.264792e+01
3000	1.383243e+01	1.222708e+01	1.106469e+01	1.009394e+01	9.189159e+00	8.391772e+00	7.680770e+00	1.447332e+01	1.333292e+01	1.251611e+01	1.186959e+01	1.133233e+01	1.325124e+01	1.222350e+01	1.131396e+01	1.251611e+01
3100	1.367624e+01	1.207229e+01	1.090333e+01	9.922911e+00	9.005842e+00	8.205852e+00	7.497135e+00	1.432666e+01	1.319925e+01	1.238931e+01	1.174632e+01	1.121123e+01	1.308185e+01	1.204295e+01	1.112213e+01	1.238931e+01
3200	1.352454e+01	1.192148e+01	1.074362e+01	9.753692e+00	8.827873e+00	8.025983e+00	7.317474e+00	1.418458e+01	1.307083e+01	1.226721e+01	1.162793e+01	1.109755e+01	1.291611e+01	1.186705e+01	1.094250e+01	1.226721e+01
3300	1.337712e+01	1.177440e+01	1.058579e+01	9.586528e+00	8.655015e+00	7.851597e+00	7.142862e+00	1.404704e+01	1.294737e+01	1.214958e+01	1.151427e+01	1.098882e+01	1.275402e+01	1.169624e+01	1.077077e+01	1.214958e+01
3400	1.323377e+01	1.163081e+01	1.043009e+01	9.421669e+00	8.487029e+00	7.682353e+00	6.973270e+00	1.391398e+01	1.282854e+01	1.203619e+01	1.140501e+01	1.088425e+01	1.259557e+01	1.153052e+01	1.060592e+01	1.203619e+01
3500	1.309426e+01	1.149047e+01	1.027674e+01	9.259364e+00	8.323678e+00	7.517910e+00	6.808226e+00	1.378536e+01	1.271404e+01	1.192681e+01	1.129984e+01	1.078340e+01	1.244077e+01	1.136991e+01	1.044768e+01	1.192681e+01
3600	1.295839e+01	1.135313e+01	1.012599e+01	9.099862e+00	8.164722e+00	7.357926e+00	6.647276e+00	1.366114e+01	1.260356e+01	1.182123e+01	1.119843e+01	1.068546e+01	1.228961e+01	1.121433e+01	1.029607e+01	1.182123e+01
3700	1.282595e+01	1.121857e+01	9.978059e+00	8.943412e+00	8.009924e+00	7.202066e+00	6.489959e+00	1.354126e+01	1.249679e+01	1.171921e+01	1.110035e+01	1.059011e+01	1.214208e+01	1.106383e+01	1.015133e+01	1.171921e+01
3800	1.269670e+01	1.108653e+01	9.833192e+00	8.790263e+00	7.859046e+00	7.049988e+00	6.335786e+00	1.342569e+01	1.239342e+01	1.162052e+01	1.100536e+01	1.049712e+01	1.199819e+01	1.091838e+01	1.001317e+01	1.162052e+01
3900	1.257046e+01	1.095678e+01	9.691622e+00	8.640665e+00	7.711850e+00	6.901349e+00	6.184461e+00	1.331437e+01	1.229315e+01	1.152495e+01	1.091310e+01	1.040526e+01	1.185792e+01	1.077797e+01	9.881680e+00	1.152495e+01
4000	1.244699e+01	1.082907e+01	9.553583e+00	8.494867e+00	7.568097e+00	6.755880e+00	6.036619e+00	1.320726e+01	1.219566e+01	1.143226e+01	1.082306e+01	1.031257e+01	1.172128e+01	1.064260e+01	9.755483e+00	1.143226e+01
4100	1.232611e+01	1.070321e+01	9.419234e+00	8.353042e+00	7.427574e+00	6.613645e+00	5.893462e+00	1.310427e+01	1.210070e+01	1.134219e+01	1.073443e+01	1.021634e+01	1.158825e+01	1.051184e+01	9.632311e+00	1.134219e+01
4200	1.220770e+01	1.057921e+01	9.288416e+00	8.215065e+00	7.290170e+00	6.474833e+00	5.754892e+00	1.300520e+01	1.200821e+01	1.125438e+01	1.064615e+01	1.011521e+01	1.145874e+01	1.038518e+01	9.512197e+00	1.125438e+01
4300	1.209166e+01	1.045712e+01	9.160897e+00	8.080735e+00	7.155795e+00	6.339382e+00	5.620048e+00	1.290981e+01	1.191819e+01	1.116841e+01	1.055745e+01	1.000946e+01	1.133264e+01	1.026241e+01	9.396121e+00	1.116841e+01
4400	1.197791e+01	1.033699e+01	9.036442e+00	7.949851e+00	7.024361e+00	6.207174e+00	5.488611e+00	1.281785e+01	1.183064e+01	1.108388e+01	1.046773e+01	9.898737e+00	1.120985e+01	1.014342e+01	9.284073e+00	1.108388e+01
4500	1.186634e+01	1.021888e+01	8.914817e+00	7.822212e+00	6.895781e+00	6.078086e+00	5.360376e+00	1.272907e+01	1.174554e+01	1.100037e+01	1.037641e+01	9.782241e+00	1.109027e+01	1.002805e+01	9.175497e+00	1.100037e+01
4600	1.175687e+01	1.010284e+01	8.795786e+00	7.697617e+00	6.769967e+00	5.951988e+00	5.235164e+00	1.264324e+01	1.166291e+01	1.091749e+01	1.028288e+01	9.658881e+00	1.097380e+01	9.916076e+00	9.070048e+00	1.091749e+01
4700	1.164939e+01	9.988912e+00	8.679117e+00	7.575866e+00	6.646831e+00	5.828756e+00	5.112800e+00	1.256010e+01	1.158272e+01	1.083482e+01	1.018649e+01	9.527817e+00	1.086033e+01	9.807342e+00	8.967812e+00	1.083482e+01
4800	1.154382e+01	9.877162e+00	8.564573e+00	7.456757e+00	6.526285e+00	5.708259e+00	4.993124e+00	1.247943e+01	1.150499e+01	1.075196e+01	1.008668e+01	9.388251e+00	1.074976e+01	9.701728e+00	8.868264e+00	1.075196e+01
4900	1.144006e+01	9.767640e+00	8.451922e+00	7.340090e+00	6.408240e+00	5.590378e+00	4.876261e+00	1.240096e+01	1.142970e+01	1.066850e+01	9.982786e+00	9.240552e+00	1.064199e+01	9.598976e+00	8.770558e+00	1.066850e+01
5000	1.133801e+01	9.660397e+00	8.340928e+00	7.225663e+00	6.292610e+00	5.475078e+00	4.763622e+00	1.232447e+01	1.135686e+01	1.058403e+01	9.874613e+00	9.093119e+00	1.053690e+01	9.498850e+00	8.671900e+00	1.058403e+01
5100	1.123759e+01	9.555456e+00	8.231405e+00	7.113311e+00	6.179331e+00	5.362712e+00	4.657319e+00	1.224972e+01	1.128638e+01	1.049824e+01	9.763967e+00	8.957342e+00	1.043438e+01	9.400508e+00	8.567567e+00	1.049824e+01
5200	1.113877e+01	9.452708e+00	8.123346e+00	7.003007e+00	6.068440e+00	5.253778e+00	4.557445e+00	1.217654e+01	1.121789e+01	1.041126e+01	9.653187e+00	8.831986e+00	1.033418e+01	9.302864e+00	8.457448e+00	1.041126e+01
5300	1.104150e+01	9.352011e+00	8.016797e+00	6.894758e+00	5.959999e+00	5.148455e+00	4.462958e+00	1.210480e+01	1.115094e+01	1.032330e+01	9.542875e+00	8.711090e+00	1.023605e+01	9.205412e+00	8.343553e+00	1.032330e+01
5400	1.094576e+01	9.253226e+00	7.911799e+00	6.788572e+00	5.854070e+00	5.046836e+00	4.373689e+00	1.203433e+01	1.108508e+01	1.023456e+01	9.433470e+00	8.594159e+00	1.013972e+01	9.107726e+00	8.225499e+00	1.023456e+01
5500	1.085153e+01	9.156212e+00	7.808394e+00	6.684457e+00	5.750716e+00	4.949005e+00	4.289742e+00	1.196500e+01	1.101987e+01	1.014528e+01	9.325276e+00	8.481049e+00	1.004494e+01	9.009361e+00	8.102557e+00	1.014528e+01
5600	1.075877e+01	9.060829e+00	7.706626e+00	6.582421e+00	5.649998e+00	4.855050e+00	4.211263e+00	1.189666e+01	1.095485e+01	1.005565e+01	9.218576e+00	8.372615e+00	9.951433e+00	8.909878e+00	7.974602e+00	1.005565e+01
5700	1.066744e+01	8.966935e+00	7.606537e+00	6.482472e+00	5.551979e+00	4.765065e+00	4.138356e+00	1.182915e+01	1.088957e+01	9.965907e+00	9.113785e+00	8.269156e+00	9.858948e+00	8.808945e+00	7.840920e+00	9.965907e+00
5800	1.057753e+01	8.874391e+00	7.508169e+00	6.384616e+00	5.456721e+00	4.679132e+00	4.071126e+00	1.176233e+01	1.082358e+01	9.876256e+00	9.011123e+00	8.170869e+00	9.767222e+00	8.706083e+00	7.700421e+00	9.876256e+00
5900	1.048900e+01	8.783055e+00	7.411566e+00	6.288864e+00	5.364285e+00	4.597340e+00	4.009319e+00	1.169606e+01	1.075644e+01	9.786914e+00	8.910966e+00	8.077965e+00	9.675993e+00	8.600877e+00	7.555014e+00	9.786914e+00
6000	1.040181e+01	8.692787e+00	7.316769e+00	6.195221e+00	5.274734e+00	4.519668e+00	3.950555e+00	1.163018e+01	1.068770e+01	9.698097e+00	8.813462e+00	7.986768e+00	9.584999e+00	8.493365e+00	7.416484e+00	9.698097e+00
6100	1.031595e+01	8.603473e+00	7.223808e+00	6.103688e+00	5.188103e+00	4.445576e+00	3.891660e+00	1.156456e+01	1.061701e+01	9.609987e+00	8.718070e+00	7.892804e+00	9.494054e+00	8.385501e+00	7.299238e+00	9.609987e+00
6200	1.023138e+01	8.515104e+00	7.132653e+00	6.014237e+00	5.104318e+00	4.374379e+00	3.832808e+00	1.149920e+01	1.054446e+01	9.522638e+00	8.624057e+00	7.796809e+00	9.403269e+00	8.279674e+00	7.200509e+00	9.522638e+00
6300	1.014806e+01	8.427698e+00	7.043263e+00	5.926832e+00	5.023278e+00	4.305816e+00	3.775709e+00	1.143410e+01	1.047024e+01	9.436068e+00	8.531272e+00	7.701902e+00	9.312829e+00	8.176630e+00	7.110845e+00	9.436068e+00
6400	1.006597e+01	8.341273e+00	6.955594e+00	5.841435e+00	4.944882e+00	4.239748e+00	3.720596e+00	1.136925e+01	1.039456e+01	9.350296e+00	8.439752e+00	7.608924e+00	9.222920e+00	8.076667e+00	7.028370e+00	9.350296e+00
6500	9.985081e+00	8.255846e+00	6.869604e+00	5.758010e+00	4.869030e+00	4.176028e+00	3.667245e+00	1.130466e+01	1.031760e+01	9.265341e+00	8.349529e+00	7.517905e+00	9.133727e+00	7.980074e+00	6.953585e+00	9.265341e+00
6600	9.905352e+00	8.171435e+00	6.785250e+00	5.676522e+00	4.795620e+00	4.114509e+00	3.615475e+00	1.124034e+01	1.023955e+01	9.181223e+00	8.260633e+00	7.428837e+00	9.045435e+00	7.887161e+00	6.886997e+00	9.181223e+00
6700	9.826755e+00	8.088058e+00	6.702491e+00	5.596934e+00	4.724552e+00	4.055050e+00	3.565087e+00	1.117629e+01	1.016062e+01	9.097961e+00	8.173087e+00	7.341750e+00	8.958231e+00	7.798226e+00	6.828912e+00	9.097961e+00
6800	9.749260e+00	8.005733e+00	6.621282e+00	5.519210e+00	4.655724e+00	3.997503e+00	3.515904e+00	1.111252e+01	1.008099e+01	9.015574e+00	8.086921e+00	7.256708e+00	8.872300e+00	7.713553e+00	6.779781e+00	9.015574e+00
6900	9.672836e+00	7.924476e+00	6.541582e+00	5.443313e+00	4.589036e+00	3.941732e+00	3.467696e+00	1.104903e+01	1.000087e+01	8.934081e+00	8.002161e+00	7.173781e+00	8.787827e+00	7.633443e+00	6.740096e+00	8.934081e+00
7000	9.597450e+00	7.844306e+00	6.463347e+00	5.369207e+00	4.524387e+00	3.887582e+00	3.420267e+00	1.098583e+01	9.920435e+00	8.853501e+00	7.918843e+00	7.093023e+00	8.704998e+00	7.558188e+00	6.710332e+00	8.853501e+00
7100	9.523071e+00	7.765241e+00	6.386536e+00	5.296856e+00	4.461675e+00	3.834917e+00	3.373481e+00	1.092291e+01	9.839891e+00	8.773854e+00	7.836997e+00	7.014419e+00	8.623997e+00	7.488096e+00	6.691003e+00	8.773854e+00
7200	9.449670e+00	7.687298e+00	6.311106e+00	5.226223e+00	4.400801e+00	3.783596e+00	3.327054e+00	1.086029e+01	9.759431e+00	8.695159e+00	7.756645e+00	6.937996e+00	8.545012e+00	7.423468e+00	6.682349e+00	8.695159e+00
7300	9.377213e+00	7.610496e+00	6.237014e+00	5.157273e+00	4.341663e+00	3.733463e+00	3.280786e+00	1.079796e+01	9.679247e+00	8.617435e+00	7.677816e+00	6.863857e+00	8.468227e+00	7.364577e+00	6.684897e+00	8.617435e+00
7400	9.305670e+00	7.534850e+00	6.164217e+00	5.089969e+00	4.284160e+00	3.684379e+00	3.234560e+00	1.073594e+01	9.599535e+00	8.540701e+00	7.600543e+00	6.792022e+00	8.393827e+00	7.311740e+00	6.699266e+00	8.540701e+00
7500	9.235009e+00	7.460381e+00	6.092674e+00	5.024274e+00	4.228191e+00	3.636205e+00	3.188142e+00	1.067422e+01	9.520488e+00	8.464977e+00	7.524852e+00	6.722490e+00	8.321999e+00	7.265257e+00	6.725683e+00	8.464977e+00
7600	9.165200e+00	7.387104e+00	6.022340e+00	4.960152e+00	4.173656e+00	3.588793e+00	3.141298e+00	1.061282e+01	9.442301e+00	8.390281e+00	7.450769e+00	6.655365e+00	8.252928e+00	7.225408e+00	6.764555e+00	8.390281e+00
7700	9.096210e+00	7.315038e+00	5.953174e+00	4.897567e+00	4.120453e+00	3.541996e+00	3.093881e+00	1.055173e+01	9.365168e+00	8.316633e+00	7.378330e+00	6.590670e+00	8.186799e+00	7.192490e+00	6.816519e+00	8.316633e+00
7800	9.028010e+00	7.244201e+00	5.885133e+00	4.836483e+00	4.068482e+00	3.495678e+00	3.045678e+00	1.049096e+01	9.289283e+00	8.244052e+00	7.307558e+00	6.528396e+00	8.123797e+00	7.166815e+00	6.882053e+00	8.244052e+00
7900	8.960566e+00	7.174610e+00	5.818175e+00	4.776864e+00	4.017642e+00	3.449688e+00	2.996820e+00	1.043051e+01	9.214841e+00	8.172557e+00	7.238481e+00	6.468357e+00	8.064109e+00	7.148681e+00	6.956823e+00	8.172557e+00
8000	8.893849e+00	7.106283e+00	5.752256e+00	4.718672e+00	3.967832e+00	3.403958e+00	2.949471e+00	1.037040e+01	9.142035e+00	8.102167e+00	7.171080e+00	6.408865e+00	8.007920e+00	7.137672e+00	7.016393e+00	8.102167e+00
8100	8.827831e+00	7.039228e+00	5.687343e+00	4.661872e+00	3.918964e+00	3.358791e+00	2.906186e+00	1.031061e+01	9.071013e+00	8.032894e+00	7.105093e+00	6.347852e+00	7.955328e+00	7.130489e+00	7.033420e+00	8.032894e+00
8200	8.762503e+00	6.973415e+00	5.623431e+00	4.606421e+00	3.871012e+00	3.314554e+00	2.866180e+00	1.025115e+01	9.001741e+00	7.964715e+00	7.040199e+00	6.285834e+00	7.906088e+00	7.123291e+00	7.016474e+00	7.964715e+00
8300	8.697863e+00	6.908805e+00	5.560526e+00	4.552280e+00	3.823959e+00	3.271304e+00	2.827631e+00	1.019201e+01	8.934136e+00	7.897599e+00	6.976299e+00	6.224282e+00	7.859865e+00	7.114857e+00	6.985954e+00	7.897599e+00
8400	8.633905e+00	6.845360e+00	5.498631e+00	4.499405e+00	3.777793e+00	3.229027e+00	2.790059e+00	1.013317e+01	8.868117e+00	7.831515e+00	6.913353e+00	6.163455e+00	7.816328e+00	7.104655e+00	6.945706e+00	7.831515e+00
8500	8.570625e+00	6.783038e+00	5.437752e+00	4.447757e+00	3.732498e+00	3.187691e+00	2.753408e+00	1.007463e+01	8.803602e+00	7.766433e+00	6.851316e+00	6.103203e+00	7.775142e+00	7.092150e+00	6.894929e+00	7.766433e+00
8600	8.508019e+00	6.721802e+00	5.377894e+00	4.397293e+00	3.688060e+00	3.147280e+00	2.717759e+00	1.001639e+01	8.740509e+00	7.702322e+00	6.790134e+00	6.043489e+00	7.735976e+00	7.076812e+00	6.832763e+00	7.702322e+00
8700	8.446084e+00	6.661612e+00	5.319060e+00	4.347971e+00	3.644464e+00	3.107780e+00	2.683065e+00	9.958426e+00	8.678757e+00	7.639151e+00	6.729769e+00	5.984260e+00	7.698495e+00	7.058097e+00	6.758451e+00	7.639151e+00
8800	8.384814e+00	6.602429e+00	5.261255e+00	4.299751e+00	3.601697e+00	3.069171e+00	2.649233e+00	9.900738e+00	8.618264e+00	7.576890e+00	6.670167e+00	5.925437e+00	7.662367e+00	7.035481e+00	6.671274e+00	7.576890e+00
8900	8.324207e+00	6.544213e+00	5.204485e+00	4.252591e+00	3.559744e+00	3.031427e+00	2.616221e+00	9.843317e+00	8.558947e+00	7.515507e+00	6.611289e+00	5.867015e+00	7.627258e+00	7.008432e+00	6.570438e+00	7.515507e+00
9000	8.264258e+00	6.486926e+00	5.148753e+00	4.206449e+00	3.518591e+00	2.994527e+00	2.583996e+00	9.786153e+00	8.500727e+00	7.454973e+00	6.553090e+00	5.808787e+00	7.592836e+00	6.976426e+00	6.454960e+00	7.454973e+00
9100	8.204962e+00	6.430527e+00	5.094063e+00	4.161283e+00	3.478223e+00	2.958444e+00	2.552629e+00	9.729238e+00	8.443520e+00	7.395256e+00	6.495509e+00	5.750800e+00	7.558768e+00	6.938903e+00	6.324054e+00	7.395256e+00
9200	8.146316e+00	6.374978e+00	5.040422e+00	4.117053e+00	3.438625e+00	2.923175e+00	2.522091e+00	9.672565e+00	8.387245e+00	7.336325e+00	6.438520e+00	5.693033e+00	7.524719e+00	6.895347e+00	6.177299e+00	7.336325e+00
9300	8.088315e+00	6.320239e+00	4.987833e+00	4.073717e+00	3.399785e+00	2.888690e+00	2.492182e+00	9.616125e+00	8.331820e+00	7.278151e+00	6.382065e+00	5.635243e+00	7.490358e+00	6.845245e+00	6.013516e+00	7.278151e+00
9400	8.030956e+00	6.266272e+00	4.936301e+00	4.031233e+00	3.361686e+00	2.854959e+00	2.463049e+00	9.559909e+00	8.277164e+00	7.220701e+00	6.326095e+00	5.577565e+00	7.455352e+00	6.788027e+00	5.831758e+00	7.220701e+00
9500	7.974235e+00	6.213036e+00	4.885830e+00	3.989560e+00	3.324315e+00	2.821982e+00	2.434665e+00	9.503909e+00	8.223195e+00	7.163946e+00	6.270582e+00	5.519864e+00	7.419366e+00	6.723168e+00	5.631751e+00	7.163946e+00
9600	7.918146e+00	6.160493e+00	4.836425e+00	3.948656e+00	3.287658e+00	2.789727e+00	2.406818e+00	9.448117e+00	8.169832e+00	7.107855e+00	6.215463e+00	5.461934e+00	7.382068e+00	6.650164e+00	5.412459e+00	7.107855e+00
9700	7.862687e+00	6.108603e+00	4.788091e+00	3.908479e+00	3.251700e+00	2.758164e+00	2.379624e+00	9.392524e+00	8.116992e+00	7.052397e+00	6.160692e+00	5.403814e+00	7.343126e+00	6.568455e+00	5.172800e+00	7.052397e+00
9800	7.807853e+00	6.057327e+00	4.740831e+00	3.868989e+00	3.216426e+00	2.727287e+00	2.353127e+00	9.337122e+00	8.064593e+00	6.997541e+00	6.106223e+00	5.345553e+00	7.302205e+00	6.477506e+00	4.912355e+00	6.997541e+00
9900	7.753640e+00	6.006625e+00	4.694652e+00	3.830144e+00	3.181823e+00	2.697077e+00	2.327129e+00	9.281903e+00	8.012555e+00	6.943256e+00	6.052025e+00	5.287357e+00	7.258973e+00	6.376804e+00	4.638623e+00	6.943256e+00
10000	7.700044e+00	5.956460e+00	4.649557e+00	3.791902e+00	3.147876e+00	2.667497e+00	2.301705e+00	9.226858e+00	7.960796e+00	6.889513e+00	5.998088e+00	5.230693e+00	7.213097e+00	6.266817e+00	4.396076e+00	6.889513e+00
10100	7.647060e+00	5.906797e+00	4.605543e+00	3.754228e+00	3.114570e+00	2.638550e+00	2.276914e+00	9.171987e+00	7.909249e+00	6.836285e+00	5.944590e+00	5.177675e+00	7.164345e+00	6.152315e+00	4.232101e+00	6.836285e+00
10200	7.594682e+00	5.857633e+00	4.562577e+00	3.717111e+00	3.081893e+00	2.610209e+00	2.252631e+00	9.117326e+00	7.857914e+00	6.783569e+00	5.891783e+00	5.127572e+00	7.112896e+00	6.038673e+00	4.126449e+00	6.783569e+00
10300	7.542904e+00	5.808971e+00	4.520616e+00	3.680545e+00	3.049829e+00	2.582459e+00	2.228887e+00	9.062917e+00	7.806805e+00	6.731369e+00	5.839698e+00	5.078621e+00	7.059029e+00	5.927347e+00	4.040078e+00	6.731369e+00
10400	7.491719e+00	5.760813e+00	4.479619e+00	3.644526e+00	3.018367e+00	2.555285e+00	2.205564e+00	9.008803e+00	7.755937e+00	6.679685e+00	5.788336e+00	5.030839e+00	7.003024e+00	5.818797e+00	3.965002e+00	6.679685e+00
10500	7.441121e+00	5.713163e+00	4.439544e+00	3.609049e+00	2.987491e+00	2.528656e+00	2.182717e+00	8.955028e+00	7.705325e+00	6.628521e+00	5.737727e+00	4.984026e+00	6.945161e+00	5.713448e+00	3.901942e+00	6.628521e+00
10600	7.391103e+00	5.666022e+00	4.400349e+00	3.574108e+00	2.957189e+00	2.502570e+00	2.160298e+00	8.901635e+00	7.654984e+00	6.577880e+00	5.687842e+00	4.938057e+00	6.885718e+00	5.611768e+00	3.851888e+00	6.577880e+00
10700	7.341659e+00	5.619393e+00	4.361993e+00	3.539699e+00	2.927447e+00	2.476992e+00	2.138152e+00	8.848666e+00	7.604929e+00	6.527762e+00	5.638699e+00	4.893298e+00	6.824977e+00	5.514216e+00	3.815069e+00	6.527762e+00
10800	7.292783e+00	5.573280e+00	4.324434e+00	3.505816e+00	2.898251e+00	2.451902e+00	2.116401e+00	8.796166e+00	7.555173e+00	6.478172e+00	5.590313e+00	4.849436e+00	6.763217e+00	5.421209e+00	3.792187e+00	6.478172e+00
10900	7.244467e+00	5.527685e+00	4.287630e+00	3.472454e+00	2.869587e+00	2.427288e+00	2.095035e+00	8.744178e+00	7.505732e+00	6.429111e+00	5.542659e+00	4.806492e+00	6.700717e+00	5.333214e+00	3.784242e+00	6.429111e+00
11000	7.196705e+00	5.482611e+00	4.251540e+00	3.439609e+00	2.841442e+00	2.403131e+00	2.073977e+00	8.692744e+00	7.456622e+00	6.380581e+00	5.495759e+00	4.764712e+00	6.637758e+00	5.250680e+00	3.791514e+00	6.380581e+00
11100	7.149491e+00	5.438060e+00	4.216122e+00	3.407275e+00	2.813802e+00	2.379411e+00	2.053201e+00	8.641908e+00	7.407855e+00	6.332585e+00	5.449617e+00	4.724039e+00	6.574619e+00	5.174032e+00	3.814828e+00	6.332585e+00
11200	7.102818e+00	5.394035e+00	4.181334e+00	3.375448e+00	2.786654e+00	2.356110e+00	2.032624e+00	8.591712e+00	7.359448e+00	6.285125e+00	5.404245e+00	4.684349e+00	6.511579e+00	5.103739e+00	3.855103e+00	6.285125e+00
11300	7.056680e+00	5.350539e+00	4.147134e+00	3.344122e+00	2.759984e+00	2.333199e+00	2.012258e+00	8.542201e+00	7.311416e+00	6.238205e+00	5.359630e+00	4.645535e+00	6.448919e+00	5.040250e+00	3.912813e+00	6.238205e+00
11400	7.011070e+00	5.307575e+00	4.113481e+00	3.313292e+00	2.733778e+00	2.310667e+00	1.992148e+00	8.493417e+00	7.263772e+00	6.191825e+00	5.315773e+00	4.607900e+00	6.386918e+00	4.984011e+00	3.988519e+00	6.191825e+00
11500	6.965982e+00	5.265145e+00	4.080333e+00	3.282953e+00	2.708023e+00	2.288495e+00	1.972214e+00	8.445404e+00	7.216531e+00	6.145989e+00	5.272698e+00	4.571256e+00	6.325857e+00	4.935461e+00	4.082755e+00	6.145989e+00
11600	6.921410e+00	5.223252e+00	4.047648e+00	3.253101e+00	2.682705e+00	2.266663e+00	1.952367e+00	8.398204e+00	7.169710e+00	6.100699e+00	5.230380e+00	4.535634e+00	6.266014e+00	4.895033e+00	4.196610e+00	6.100699e+00
11700	6.877346e+00	5.181899e+00	4.015385e+00	3.223729e+00	2.657811e+00	2.245144e+00	1.932562e+00	8.351862e+00	7.123321e+00	6.055956e+00	5.188849e+00	4.501334e+00	6.207669e+00	4.863210e+00	4.330827e+00	6.055956e+00
11800	6.833784e+00	5.141088e+00	3.983501e+00	3.194834e+00	2.633326e+00	2.223917e+00	1.912956e+00	8.306419e+00	7.077380e+00	6.011765e+00	5.148113e+00	4.467879e+00	6.151103e+00	4.840430e+00	4.485492e+00	6.011765e+00
11900	6.790718e+00	5.100823e+00	3.951956e+00	3.166409e+00	2.609237e+00	2.202980e+00	1.893559e+00	8.261919e+00	7.031902e+00	5.968127e+00	5.108144e+00	4.435036e+00	6.096595e+00	4.827115e+00	4.653119e+00	5.968127e+00
12000	6.748141e+00	5.061106e+00	3.920708e+00	3.138451e+00	2.585531e+00	2.182314e+00	1.874550e+00	8.218406e+00	6.986902e+00	5.925044e+00	5.068924e+00	4.401795e+00	6.044424e+00	4.822884e+00	4.789960e+00	5.925044e+00
12100	6.706047e+00	5.021938e+00	3.889721e+00	3.110953e+00	2.562195e+00	2.161944e+00	1.856460e+00	8.175906e+00	6.942390e+00	5.882515e+00	5.030312e+00	4.366591e+00	5.994800e+00	4.823822e+00	4.850745e+00	5.882515e+00
12200	6.664428e+00	4.983316e+00	3.858994e+00	3.083904e+00	2.539221e+00	2.141919e+00	1.839164e+00	8.134374e+00	6.898363e+00	5.840528e+00	4.992130e+00	4.329757e+00	5.947649e+00	4.825554e+00	4.857915e+00	5.840528e+00
12300	6.623276e+00	4.945236e+00	3.828531e+00	3.057293e+00	2.516603e+00	2.122239e+00	1.822289e+00	8.093750e+00	6.854811e+00	5.799066e+00	4.954302e+00	4.292593e+00	5.902825e+00	4.827006e+00	4.851523e+00	5.799066e+00
12400	6.582585e+00	4.907692e+00	3.798335e+00	3.031109e+00	2.494334e+00	2.102901e+00	1.805639e+00	8.053974e+00	6.811728e+00	5.758112e+00	4.916813e+00	4.255518e+00	5.860184e+00	4.827946e+00	4.839566e+00	5.758112e+00
12500	6.542346e+00	4.870681e+00	3.768412e+00	3.005340e+00	2.472409e+00	2.083882e+00	1.789168e+00	8.014985e+00	6.769105e+00	5.717650e+00	4.879640e+00	4.218409e+00	5.819580e+00	4.828130e+00	4.821926e+00	5.717650e+00
12600	6.502551e+00	4.834197e+00	3.738765e+00	2.979976e+00	2.450819e+00	2.065178e+00	1.773085e+00	7.976721e+00	6.726935e+00	5.677663e+00	4.842756e+00	4.181135e+00	5.780868e+00	4.827350e+00	4.798439e+00	5.677663e+00
12700	6.463194e+00	4.798237e+00	3.709399e+00	2.955004e+00	2.429560e+00	2.046791e+00	1.757261e+00	7.939123e+00	6.685208e+00	5.638135e+00	4.806126e+00	4.143832e+00	5.743904e+00	4.825376e+00	4.768233e+00	5.638135e+00
12800	6.424266e+00	4.762794e+00	3.680319e+00	2.930414e+00	2.408624e+00	2.028702e+00	1.741517e+00	7.902130e+00	6.643917e+00	5.599048e+00	4.769747e+00	4.106602e+00	5.708543e+00	4.821951e+00	4.730901e+00	5.599048e+00
12900	6.385761e+00	4.727866e+00	3.651529e+00	2.906193e+00	2.388006e+00	2.010893e+00	1.725966e+00	7.865681e+00	6.603055e+00	5.560388e+00	4.733595e+00	4.068925e+00	5.674639e+00	4.816841e+00	4.686637e+00	5.560388e+00
13000	6.347669e+00	4.693446e+00	3.623033e+00	2.882331e+00	2.367697e+00	1.993362e+00	1.710763e+00	7.829714e+00	6.562612e+00	5.522137e+00	4.697612e+00	4.030997e+00	5.642047e+00	4.809839e+00	4.635009e+00	5.522137e+00
13100	6.309985e+00	4.659531e+00	3.594835e+00	2.858816e+00	2.347693e+00	1.976111e+00	1.695767e+00	7.794171e+00	6.522581e+00	5.484278e+00	4.661805e+00	3.993041e+00	5.610623e+00	4.800702e+00	4.575369e+00	5.484278e+00
13200	6.272700e+00	4.626116e+00	3.566941e+00	2.835637e+00	2.327986e+00	1.959121e+00	1.680791e+00	7.758989e+00	6.482954e+00	5.446796e+00	4.626141e+00	3.954600e+00	5.580221e+00	4.789198e+00	4.507508e+00	5.446796e+00
13300	6.235806e+00	4.593197e+00	3.539354e+00	2.812783e+00	2.308571e+00	1.942374e+00	1.665958e+00	7.724108e+00	6.443723e+00	5.409673e+00	4.590581e+00	3.915925e+00	5.550697e+00	4.775094e+00	4.430928e+00	5.409673e+00
13400	6.199296e+00	4.560768e+00	3.512079e+00	2.790241e+00	2.289439e+00	1.925868e+00	1.651510e+00	7.689468e+00	6.404880e+00	5.372893e+00	4.555124e+00	3.877023e+00	5.521905e+00	4.758145e+00	4.345702e+00	5.372893e+00
13500	6.163163e+00	4.528825e+00	3.485120e+00	2.768001e+00	2.270586e+00	1.909615e+00	1.637158e+00	7.655007e+00	6.366416e+00	5.336440e+00	4.519735e+00	3.837521e+00	5.493700e+00	4.738159e+00	4.251261e+00	5.336440e+00
13600	6.127398e+00	4.497363e+00	3.458481e+00	2.746052e+00	2.252005e+00	1.893577e+00	1.622666e+00	7.620665e+00	6.328324e+00	5.300297e+00	4.484376e+00	3.797682e+00	5.465939e+00	4.714865e+00	4.146727e+00	5.300297e+00
13700	6.091995e+00	4.466378e+00	3.432168e+00	2.724381e+00	2.233689e+00	1.877743e+00	1.608345e+00	7.586382e+00	6.290596e+00	5.264447e+00	4.449046e+00	3.757516e+00	5.438474e+00	4.688029e+00	4.032664e+00	5.264447e+00
13800	6.056945e+00	4.435866e+00	3.406184e+00	2.702978e+00	2.215631e+00	1.862114e+00	1.594288e+00	7.552096e+00	6.253223e+00	5.228875e+00	4.413709e+00	3.716633e+00	5.411162e+00	4.657461e+00	3.908186e+00	5.228875e+00
13900	6.022241e+00	4.405821e+00	3.380533e+00	2.681831e+00	2.197825e+00	1.846691e+00	1.580424e+00	7.517747e+00	6.216198e+00	5.193563e+00	4.378328e+00	3.675891e+00	5.383858e+00	4.622875e+00	3.777706e+00	5.193563e+00
14000	5.987876e+00	4.376239e+00	3.355221e+00	2.660929e+00	2.180265e+00	1.831465e+00	1.566834e+00	7.483274e+00	6.179513e+00	5.158495e+00	4.342960e+00	3.638372e+00	5.356415e+00	4.584497e+00	3.666919e+00	5.158495e+00
14100	5.953842e+00	4.347113e+00	3.330250e+00	2.640262e+00	2.162945e+00	1.816448e+00	1.553908e+00	7.448631e+00	6.143160e+00	5.123660e+00	4.307869e+00	3.607124e+00	5.328721e+00	4.544225e+00	3.599897e+00	5.123660e+00
14200	5.920136e+00	4.318431e+00	3.305617e+00	2.619830e+00	2.145861e+00	1.801673e+00	1.541558e+00	7.413831e+00	6.107137e+00	5.089066e+00	4.273382e+00	3.580627e+00	5.300777e+00	4.504129e+00	3.563390e+00	5.089066e+00
14300	5.886754e+00	4.290178e+00	3.281319e+00	2.599634e+00	2.129011e+00	1.787139e+00	1.529432e+00	7.378902e+00	6.071443e+00	5.054729e+00	4.239569e+00	3.555892e+00	5.272619e+00	4.464726e+00	3.534049e+00	5.054729e+00
14400	5.853693e+00	4.262338e+00	3.257350e+00	2.579674e+00	2.112391e+00	1.772839e+00	1.517710e+00	7.343871e+00	6.036076e+00	5.020661e+00	4.206449e+00	3.532600e+00	5.244281e+00	4.426030e+00	3.506599e+00	5.020661e+00
14500	5.820951e+00	4.234897e+00	3.233708e+00	2.559952e+00	2.095999e+00	1.758791e+00	1.506148e+00	7.308766e+00	6.001034e+00	4.986878e+00	4.174056e+00	3.510687e+00	5.215796e+00	4.388107e+00	3.481656e+00	4.986878e+00
14600	5.788524e+00	4.207840e+00	3.210388e+00	2.540468e+00	2.079833e+00	1.744961e+00	1.494588e+00	7.273615e+00	5.966317e+00	4.953393e+00	4.142399e+00	3.490159e+00	5.187199e+00	4.351013e+00	3.459133e+00	4.953393e+00
14700	5.756408e+00	4.181152e+00	3.187385e+00	2.521224e+00	2.063888e+00	1.731353e+00	1.483418e+00	7.238446e+00	5.931922e+00	4.920221e+00	4.111513e+00	3.471071e+00	5.158523e+00	4.314802e+00	3.439111e+00	4.920221e+00
14800	5.724601e+00	4.154818e+00	3.164696e+00	2.502222e+00	2.048163e+00	1.717975e+00	1.472367e+00	7.203285e+00	5.897849e+00	4.887376e+00	4.081405e+00	3.453298e+00	5.129803e+00	4.279528e+00	3.421671e+00	4.887376e+00
14900	5.693100e+00	4.128824e+00	3.142317e+00	2.483461e+00	2.032654e+00	1.704801e+00	1.461586e+00	7.168161e+00	5.864095e+00	4.854872e+00	4.052097e+00	3.436999e+00	5.101072e+00	4.245246e+00	3.406895e+00	4.854872e+00
15000	5.661901e+00	4.103153e+00	3.120243e+00	2.464943e+00	2.017358e+00	1.691858e+00	1.451131e+00	7.133101e+00	5.830660e+00	4.822723e+00	4.023611e+00	3.422336e+00	5.072365e+00	4.212010e+00	3.394865e+00	4.822723e+00
15100	5.631001e+00	4.077793e+00	3.098471e+00	2.446669e+00	2.002274e+00	1.679123e+00	1.440658e+00	7.098133e+00	5.797542e+00	4.790943e+00	3.995978e+00	3.409370e+00	5.043715e+00	4.179874e+00	3.385662e+00	4.790943e+00
15200	5.600397e+00	4.052726e+00	3.076995e+00	2.428640e+00	1.987397e+00	1.666590e+00	1.430460e+00	7.063285e+00	5.764739e+00	4.759547e+00	3.969223e+00	3.397862e+00	5.015157e+00	4.148894e+00	3.379562e+00	4.759547e+00
15300	5.570086e+00	4.027940e+00	3.055813e+00	2.410858e+00	1.972726e+00	1.654267e+00	1.420348e+00	7.028584e+00	5.732250e+00	4.728549e+00	3.943353e+00	3.387814e+00	4.986724e+00	4.119137e+00	3.376289e+00	4.728549e+00
15400	5.540064e+00	4.003419e+00	3.034920e+00	2.393322e+00	1.958257e+00	1.642128e+00	1.410378e+00	6.994058e+00	5.700074e+00	4.697963e+00	3.918389e+00	3.379531e+00	4.958452e+00	4.090631e+00	3.375866e+00	4.697963e+00
15500	5.510329e+00	3.979147e+00	3.014311e+00	2.376035e+00	1.943987e+00	1.630189e+00	1.400798e+00	6.959735e+00	5.668208e+00	4.667803e+00	3.894366e+00	3.372931e+00	4.930372e+00	4.063441e+00	3.378990e+00	4.667803e+00
15600	5.480877e+00	3.955110e+00	2.993984e+00	2.358998e+00	1.929914e+00	1.618449e+00	1.391177e+00	6.925641e+00	5.636652e+00	4.638084e+00	3.871292e+00	3.367876e+00	4.902521e+00	4.037641e+00	3.384976e+00	4.638084e+00
15700	5.451706e+00	3.931294e+00	2.973933e+00	2.342211e+00	1.916035e+00	1.606880e+00	1.381681e+00	6.891806e+00	5.605404e+00	4.608819e+00	3.849188e+00	3.364536e+00	4.874931e+00	4.013236e+00	3.394220e+00	4.608819e+00
15800	5.422811e+00	3.907683e+00	2.954154e+00	2.325675e+00	1.902346e+00	1.595499e+00	1.372567e+00	6.858256e+00	5.574463e+00	4.580023e+00	3.828075e+00	3.363091e+00	4.847636e+00	3.990328e+00	3.407507e+00	4.580023e+00
15900	5.394190e+00	3.884262e+00	2.934644e+00	2.309392e+00	1.888846e+00	1.584304e+00	1.363388e+00	6.825019e+00	5.543827e+00	4.551709e+00	3.807987e+00	3.362843e+00	4.820671e+00	3.968972e+00	3.422409e+00	4.551709e+00
16000	5.365840e+00	3.861017e+00	2.915398e+00	2.293363e+00	1.875531e+00	1.573268e+00	1.354201e+00	6.792123e+00	5.513495e+00	4.523893e+00	3.788880e+00	3.358467e+00	4.794070e+00	3.949078e+00	3.429657e+00	4.523893e+00
16100	5.337758e+00	3.837936e+00	2.896411e+00	2.277587e+00	1.862398e+00	1.562398e+00	1.345247e+00	6.759590e+00	5.483464e+00	4.496583e+00	3.770325e+00	3.345364e+00	4.767859e+00	3.930015e+00	3.421341e+00	4.496583e+00
16200	5.309939e+00	3.815018e+00	2.877676e+00	2.262058e+00	1.849444e+00	1.551688e+00	1.336409e+00	6.727415e+00	5.453728e+00	4.469762e+00	3.751926e+00	3.326796e+00	4.742030e+00	3.911164e+00	3.402622e+00	4.469762e+00
16300	5.282382e+00	3.792267e+00	2.859182e+00	2.246770e+00	1.836666e+00	1.541135e+00	1.327441e+00	6.695588e+00	5.424280e+00	4.443410e+00	3.733586e+00	3.306648e+00	4.716571e+00	3.892345e+00	3.381373e+00	4.443410e+00
16400	5.255081e+00	3.769684e+00	2.840921e+00	2.231716e+00	1.824061e+00	1.530712e+00	1.318406e+00	6.664101e+00	5.395112e+00	4.417505e+00	3.715257e+00	3.285609e+00	4.691464e+00	3.873547e+00	3.359739e+00	4.417505e+00
16500	5.228036e+00	3.747274e+00	2.822884e+00	2.216889e+00	1.811624e+00	1.520423e+00	1.309676e+00	6.632943e+00	5.366216e+00	4.392026e+00	3.696909e+00	3.263789e+00	4.666698e+00	3.854749e+00	3.337243e+00	4.392026e+00
16600	5.201241e+00	3.725040e+00	2.805061e+00	2.202281e+00	1.799353e+00	1.510276e+00	1.301032e+00	6.602104e+00	5.337587e+00	4.366951e+00	3.678507e+00	3.241307e+00	4.642255e+00	3.835910e+00	3.314503e+00	4.366951e+00
16700	5.174694e+00	3.702983e+00	2.787444e+00	2.187886e+00	1.787244e+00	1.500254e+00	1.292320e+00	6.571574e+00	5.309216e+00	4.342259e+00	3.660036e+00	3.217981e+00	4.618123e+00	3.817057e+00	3.290888e+00	4.342259e+00
16800	5.148391e+00	3.681107e+00	2.770023e+00	2.173696e+00	1.775294e+00	1.490354e+00	1.283655e+00	6.541344e+00	5.281096e+00	4.317929e+00	3.641449e+00	3.193405e+00	4.594287e+00	3.798101e+00	3.265768e+00	4.317929e+00
16900	5.122330e+00	3.659415e+00	2.752789e+00	2.159705e+00	1.763499e+00	1.480569e+00	1.275157e+00	6.511404e+00	5.253220e+00	4.293939e+00	3.622699e+00	3.168005e+00	4.570731e+00	3.779034e+00	3.240538e+00	4.293939e+00
17000	5.096506e+00	3.637910e+00	2.735734e+00	2.145906e+00	1.751856e+00	1.470907e+00	1.266848e+00	6.481744e+00	5.225580e+00	4.270267e+00	3.603782e+00	3.141790e+00	4.547441e+00	3.759865e+00	3.214767e+00	4.270267e+00
17100	5.070916e+00	3.616594e+00	2.718847e+00	2.132291e+00	1.740362e+00	1.461363e+00	1.258333e+00	6.452353e+00	5.198169e+00	4.246893e+00	3.584653e+00	3.114525e+00	4.524403e+00	3.740556e+00	3.187670e+00	4.246893e+00
17200	5.045558e+00	3.595471e+00	2.702120e+00	2.118853e+00	1.729014e+00	1.451910e+00	1.249685e+00	6.423223e+00	5.170980e+00	4.223794e+00	3.565292e+00	3.086187e+00	4.501602e+00	3.721066e+00	3.159657e+00	4.223794e+00
17300	5.020428e+00	3.574543e+00	2.685544e+00	2.105586e+00	1.717807e+00	1.442552e+00	1.241312e+00	6.394343e+00	5.144006e+00	4.200951e+00	3.545656e+00	3.056350e+00	4.479023e+00	3.701388e+00	3.131220e+00	4.200951e+00
17400	4.995522e+00	3.553813e+00	2.669109e+00	2.092483e+00	1.706739e+00	1.433298e+00	1.233109e+00	6.365703e+00	5.117238e+00	4.178340e+00	3.525695e+00	3.025468e+00	4.456652e+00	3.681517e+00	3.101618e+00	4.178340e+00
17500	4.970838e+00	3.533284e+00	2.652807e+00	2.079536e+00	1.695806e+00	1.424144e+00	1.224662e+00	6.337294e+00	5.090671e+00	4.155941e+00	3.505408e+00	2.993553e+00	4.434475e+00	3.661395e+00	3.070490e+00	4.155941e+00
17600	4.946371e+00	3.512960e+00	2.636628e+00	2.066738e+00	1.685006e+00	1.415060e+00	1.216049e+00	6.309105e+00	5.064296e+00	4.133732e+00	3.484747e+00	2.960173e+00	4.412476e+00	3.640998e+00	3.038554e+00	4.133732e+00
17700	4.922119e+00	3.492843e+00	2.620564e+00	2.054083e+00	1.674333e+00	1.406052e+00	1.207696e+00	6.281128e+00	5.038106e+00	4.111692e+00	3.463680e+00	2.925649e+00	4.390641e+00	3.620319e+00	3.005817e+00	4.111692e+00
17800	4.898079e+00	3.472935e+00	2.604604e+00	2.041564e+00	1.663786e+00	1.397129e+00	1.199351e+00	6.253351e+00	5.012094e+00	4.089799e+00	3.442191e+00	2.889777e+00	4.368955e+00	3.599336e+00	2.971989e+00	4.089799e+00
17900	4.874247e+00	3.453240e+00	2.588741e+00	2.029172e+00	1.653360e+00	1.388274e+00	1.190984e+00	6.225766e+00	4.986253e+00	4.068033e+00	3.420232e+00	2.853064e+00	4.347404e+00	3.578026e+00	2.937842e+00	4.068033e+00
18000	4.850619e+00	3.433761e+00	2.572964e+00	2.016902e+00	1.643053e+00	1.379494e+00	1.182611e+00	6.198362e+00	4.960575e+00	4.046371e+00	3.397831e+00	2.820439e+00	4.325973e+00	3.556419e+00	2.908081e+00	4.046371e+00
18100	4.827193e+00	3.414499e+00	2.557268e+00	2.004748e+00	1.632861e+00	1.370773e+00	1.174496e+00	6.171132e+00	4.935055e+00	4.024797e+00	3.375324e+00	2.796059e+00	4.304651e+00	3.534804e+00	2.887276e+00	4.024797e+00
18200	4.803966e+00	3.395452e+00	2.541658e+00	1.992707e+00	1.622781e+00	1.362144e+00	1.166567e+00	6.144072e+00	4.909696e+00	4.003312e+00	3.353026e+00	2.776885e+00	4.283440e+00	3.513489e+00	2.872462e+00	4.003312e+00
18300	4.780936e+00	3.376616e+00	2.526140e+00	1.980777e+00	1.612812e+00	1.353579e+00	1.158480e+00	6.117184e+00	4.884502e+00	3.981921e+00	3.331005e+00	2.759440e+00	4.262346e+00	3.492538e+00	2.859215e+00	3.981921e+00
18400	4.758099e+00	3.357987e+00	2.510723e+00	1.968958e+00	1.602949e+00	1.345086e+00	1.150700e+00	6.090468e+00	4.859478e+00	3.960629e+00	3.309300e+00	2.742824e+00	4.241374e+00	3.471960e+00	2.847016e+00	3.960629e+00
18500	4.735454e+00	3.339562e+00	2.495414e+00	1.957248e+00	1.593192e+00	1.336676e+00	1.142800e+00	6.063922e+00	4.834630e+00	3.939443e+00	3.287904e+00	2.726420e+00	4.220530e+00	3.451781e+00	2.835349e+00	3.939443e+00
18600	4.712998e+00	3.321336e+00	2.480221e+00	1.945646e+00	1.583537e+00	1.328318e+00	1.134720e+00	6.037549e+00	4.809962e+00	3.918367e+00	3.266809e+00	2.710815e+00	4.199820e+00	3.431975e+00	2.824153e+00	3.918367e+00
18700	4.690729e+00	3.303306e+00	2.465152e+00	1.934151e+00	1.573982e+00	1.320023e+00	1.126787e+00	6.011346e+00	4.785479e+00	3.897407e+00	3.246055e+00	2.695874e+00	4.179248e+00	3.412567e+00	2.814338e+00	3.897407e+00
18800	4.668644e+00	3.285469e+00	2.450213e+00	1.922762e+00	1.564524e+00	1.311785e+00	1.118842e+00	5.985315e+00	4.761185e+00	3.876569e+00	3.225619e+00	2.681344e+00	4.158821e+00	3.393586e+00	2.805086e+00	3.876569e+00
18900	4.646740e+00	3.267820e+00	2.435413e+00	1.911477e+00	1.555161e+00	1.303602e+00	1.110883e+00	5.959454e+00	4.737085e+00	3.855857e+00	3.205524e+00	2.667895e+00	4.138544e+00	3.375003e+00	2.796635e+00	3.855857e+00
19000	4.625016e+00	3.250356e+00	2.420760e+00	1.900294e+00	1.545890e+00	1.295470e+00	1.102902e+00	5.933765e+00	4.713185e+00	3.835278e+00	3.185795e+00	2.654721e+00	4.118422e+00	3.356864e+00	2.789361e+00	3.835278e+00
19100	4.603468e+00	3.233072e+00	2.406260e+00	1.889213e+00	1.536709e+00	1.287386e+00	1.094897e+00	5.908248e+00	4.689489e+00	3.814837e+00	3.166392e+00	2.642170e+00	4.098462e+00	3.339161e+00	2.782650e+00	3.814837e+00
19200	4.582095e+00	3.215966e+00	2.391921e+00	1.878233e+00	1.527615e+00	1.279345e+00	1.086861e+00	5.882901e+00	4.666001e+00	3.794538e+00	3.147370e+00	2.630775e+00	4.078668e+00	3.321900e+00	2.777119e+00	3.794538e+00
19300	4.560893e+00	3.199033e+00	2.377752e+00	1.867351e+00	1.518606e+00	1.271345e+00	1.078623e+00	5.857725e+00	4.642727e+00	3.774389e+00	3.128724e+00	2.619872e+00	4.059047e+00	3.305112e+00	2.772203e+00	3.774389e+00
19400	4.539860e+00	3.182270e+00	2.363759e+00	1.856568e+00	1.509679e+00	1.263368e+00	1.070484e+00	5.832721e+00	4.619672e+00	3.754393e+00	3.110458e+00	2.609688e+00	4.039604e+00	3.288766e+00	2.767839e+00	3.754393e+00
19500	4.518994e+00	3.165673e+00	2.349950e+00	1.845881e+00	1.500831e+00	1.255437e+00	1.062494e+00	5.807887e+00	4.596840e+00	3.734558e+00	3.092586e+00	2.600009e+00	4.020344e+00	3.272890e+00	2.765012e+00	3.734558e+00
19600	4.498293e+00	3.149238e+00	2.336334e+00	1.835289e+00	1.492061e+00	1.247537e+00	1.054115e+00	5.783224e+00	4.574235e+00	3.714887e+00	3.075094e+00	2.591266e+00	4.001273e+00	3.257512e+00	2.762831e+00	3.714887e+00
19700	4.477753e+00	3.132961e+00	2.322917e+00	1.824791e+00	1.483365e+00	1.239648e+00	1.045650e+00	5.758733e+00	4.551864e+00	3.695387e+00	3.058026e+00	2.583306e+00	3.982397e+00	3.242603e+00	2.761555e+00	3.695387e+00
19800	4.457372e+00	3.116839e+00	2.309706e+00	1.814386e+00	1.474741e+00	1.231781e+00	1.037472e+00	5.734412e+00	4.529730e+00	3.676063e+00	3.041357e+00	2.575849e+00	3.963720e+00	3.228209e+00	2.761919e+00	3.676063e+00
19900	4.437149e+00	3.100868e+00	2.296711e+00	1.804073e+00	1.466186e+00	1.223946e+00	1.029436e+00	5.710262e+00	4.507839e+00	3.656920e+00	3.025112e+00	2.569162e+00	3.945250e+00	3.214343e+00	2.761644e+00	3.656920e+00
20000	4.417079e+00	3.085044e+00	2.283938e+00	1.793849e+00	1.457699e+00	1.216142e+00	1.021726e+00	5.686283e+00	4.486194e+00	3.637964e+00	3.009281e+00	2.561315e+00	3.926991e+00	3.200911e+00	2.757829e+00	3.637964e+00
20100	4.397162e+00	3.069364e+00	2.271392e+00	1.783715e+00	1.449277e+00	1.208393e+00	1.015126e+00	5.662474e+00	4.464800e+00	3.619199e+00	2.993754e+00	2.550590e+00	3.908946e+00	3.187758e+00	2.747672e+00	3.619199e+00
20200	4.377396e+00	3.053824e+00	2.259066e+00	1.773670e+00	1.440921e+00	1.200757e+00	1.009964e+00	5.638834e+00	4.443651e+00	3.600624e+00	2.978413e+00	2.537627e+00	3.891111e+00	3.174637e+00	2.732203e+00	3.600624e+00
20300	4.357779e+00	3.038425e+00	2.246951e+00	1.763715e+00	1.432632e+00	1.193281e+00	1.005259e+00	5.615362e+00	4.422739e+00	3.582236e+00	2.963204e+00	2.524456e+00	3.873477e+00	3.161475e+00	2.715934e+00	3.582236e+00
20400	4.338312e+00	3.023162e+00	2.235038e+00	1.753849e+00	1.424414e+00	1.185938e+00	1.000227e+00	5.592055e+00	4.402058e+00	3.564031e+00	2.948155e+00	2.511866e+00	3.856037e+00	3.148300e+00	2.699248e+00	3.564031e+00
20500	4.318993e+00	3.008035e+00	2.223316e+00	1.744074e+00	1.416266e+00	1.178715e+00	9.959519e-01	5.568912e+00	4.381600e+00	3.546008e+00	2.933263e+00	2.499117e+00	3.838784e+00	3.135060e+00	2.681005e+00	3.546008e+00
20600	4.299821e+00	2.993041e+00	2.211776e+00	1.734389e+00	1.408191e+00	1.171674e+00	9.919919e-01	5.545930e+00	4.361358e+00	3.528163e+00	2.918506e+00	2.486417e+00	3.821709e+00	3.121721e+00	2.662887e+00	3.528163e+00
20700	4.280796e+00	2.978179e+00	2.200410e+00	1.724795e+00	1.400192e+00	1.164759e+00	9.876724e-01	5.523109e+00	4.341325e+00	3.510494e+00	2.903898e+00	2.473791e+00	3.804804e+00	3.108332e+00	2.645363e+00	3.510494e+00
20800	4.261916e+00	2.963446e+00	2.189206e+00	1.715292e+00	1.392268e+00	1.157986e+00	9.839677e-01	5.500446e+00	4.321494e+00	3.492998e+00	2.889417e+00	2.461203e+00	3.788063e+00	3.094882e+00	2.626646e+00	3.492998e+00
20900	4.243181e+00	2.948841e+00	2.178156e+00	1.705881e+00	1.384423e+00	1.151373e+00	9.805324e-01	5.477939e+00	4.301857e+00	3.475672e+00	2.875076e+00	2.448676e+00	3.771478e+00	3.081318e+00	2.606623e+00	3.475672e+00
21000	4.224589e+00	2.934361e+00	2.167250e+00	1.696562e+00	1.376657e+00	1.144907e+00	9.771442e-01	5.455587e+00	4.282407e+00	3.458514e+00	2.860854e+00	2.436175e+00	3.755041e+00	3.067627e+00	2.586354e+00	3.458514e+00
21100	4.206140e+00	2.920004e+00	2.156479e+00	1.687335e+00	1.368973e+00	1.138591e+00	9.741995e-01	5.433387e+00	4.263138e+00	3.441520e+00	2.846764e+00	2.423724e+00	3.738744e+00	3.053817e+00	2.565496e+00	3.441520e+00
21200	4.187833e+00	2.905769e+00	2.145833e+00	1.678200e+00	1.361371e+00	1.132441e+00	9.719355e-01	5.411339e+00	4.244042e+00	3.424689e+00	2.832785e+00	2.411019e+00	3.722580e+00	3.039855e+00	2.544372e+00	3.424689e+00
21300	4.169667e+00	2.891653e+00	2.135303e+00	1.669159e+00	1.353855e+00	1.126477e+00	9.693824e-01	5.389440e+00	4.225111e+00	3.408016e+00	2.818911e+00	2.398584e+00	3.706540e+00	3.025771e+00	2.522668e+00	3.408016e+00
21400	4.151640e+00	2.877654e+00	2.124879e+00	1.660210e+00	1.346426e+00	1.120641e+00	9.668244e-01	5.367689e+00	4.206340e+00	3.391500e+00	2.805158e+00	2.386181e+00	3.690619e+00	3.011511e+00	2.499531e+00	3.391500e+00
21500	4.133753e+00	2.863771e+00	2.114551e+00	1.651355e+00	1.339084e+00	1.114977e+00	9.651644e-01	5.346083e+00	4.187719e+00	3.375137e+00	2.791502e+00	2.373774e+00	3.674806e+00	2.997062e+00	2.476844e+00	3.375137e+00
21600	4.116004e+00	2.850001e+00	2.104310e+00	1.642594e+00	1.331833e+00	1.109492e+00	9.635945e-01	5.324621e+00	4.169243e+00	3.358925e+00	2.777957e+00	2.361667e+00	3.659096e+00	2.982476e+00	2.453181e+00	3.358925e+00
21700	4.098392e+00	2.836343e+00	2.094147e+00	1.633927e+00	1.324673e+00	1.104170e+00	9.620815e-01	5.303301e+00	4.150904e+00	3.342861e+00	2.764520e+00	2.349301e+00	3.643481e+00	2.967656e+00	2.427576e+00	3.342861e+00
21800	4.080917e+00	2.822795e+00	2.084051e+00	1.625355e+00	1.317607e+00	1.099015e+00	9.610485e-01	5.282122e+00	4.132695e+00	3.326943e+00	2.751169e+00	2.336629e+00	3.627952e+00	2.952610e+00	2.402389e+00	3.326943e+00
21900	4.063577e+00	2.809353e+00	2.074014e+00	1.616878e+00	1.310635e+00	1.094044e+00	9.603171e-01	5.261081e+00	4.114608e+00	3.311167e+00	2.737898e+00	2.324207e+00	3.612502e+00	2.937369e+00	2.377316e+00	3.311167e+00
22000	4.046371e+00	2.796017e+00	2.064026e+00	1.608495e+00	1.303761e+00	1.089245e+00	9.581292e-01	5.240177e+00	4.096637e+00	3.295531e+00	2.724723e+00	2.312072e+00	3.597124e+00	2.921922e+00	2.355613e+00	3.295531e+00
22100	4.029299e+00	2.782785e+00	2.054080e+00	1.600208e+00	1.296984e+00	1.084508e+00	9.537907e-01	5.219408e+00	4.078775e+00	3.280032e+00	2.711638e+00	2.300813e+00	3.581811e+00	2.906479e+00	2.341865e+00	3.280032e+00
22200	4.012360e+00	2.769657e+00	2.044175e+00	1.592014e+00	1.290301e+00	1.079782e+00	9.484606e-01	5.198774e+00	4.061022e+00	3.264668e+00	2.698698e+00	2.290256e+00	3.566566e+00	2.891264e+00	2.333437e+00	3.264668e+00
22300	3.995553e+00	2.756632e+00	2.034313e+00	1.583911e+00	1.283708e+00	1.075044e+00	9.425180e-01	5.178275e+00	4.043379e+00	3.249439e+00	2.685881e+00	2.279498e+00	3.551392e+00	2.876326e+00	2.326427e+00	3.249439e+00
22400	3.978876e+00	2.743710e+00	2.024498e+00	1.575896e+00	1.277201e+00	1.070273e+00	9.361360e-01	5.157911e+00	4.025844e+00	3.234342e+00	2.673185e+00	2.268823e+00	3.536294e+00	2.861673e+00	2.319614e+00	3.234342e+00
22500	3.962329e+00	2.730891e+00	2.014731e+00	1.567967e+00	1.270775e+00	1.065463e+00	9.297513e-01	5.137684e+00	4.008420e+00	3.219377e+00	2.660608e+00	2.257928e+00	3.521275e+00	2.847288e+00	2.313377e+00	3.219377e+00
22600	3.945911e+00	2.718176e+00	2.005014e+00	1.560121e+00	1.264426e+00	1.060622e+00	9.233920e-01	5.117591e+00	3.991105e+00	3.204541e+00	2.648129e+00	2.247680e+00	3.506339e+00	2.833198e+00	2.307765e+00	3.204541e+00
22700	3.929621e+00	2.705563e+00	1.995351e+00	1.552356e+00	1.258150e+00	1.055747e+00	9.165961e-01	5.097635e+00	3.973902e+00	3.189833e+00	2.635802e+00	2.237579e+00	3.491490e+00	2.819388e+00	2.302748e+00	3.189833e+00
22800	3.913458e+00	2.693054e+00	1.985742e+00	1.544670e+00	1.251943e+00	1.050814e+00	9.090860e-01	5.077814e+00	3.956809e+00	3.175253e+00	2.623569e+00	2.226905e+00	3.476731e+00	2.805887e+00	2.299242e+00	3.175253e+00
22900	3.897421e+00	2.680648e+00	1.976190e+00	1.537061e+00	1.245800e+00	1.045801e+00	9.017479e-01	5.058130e+00	3.939827e+00	3.160797e+00	2.611445e+00	2.216916e+00	3.462067e+00	2.792723e+00	2.295572e+00	3.160797e+00
23000	3.881510e+00	2.668345e+00	1.966698e+00	1.529525e+00	1.239716e+00	1.040750e+00	8.946749e-01	5.038581e+00	3.922957e+00	3.146466e+00	2.599449e+00	2.206719e+00	3.447502e+00	2.779835e+00	2.292043e+00	3.146466e+00
23100	3.865722e+00	2.656146e+00	1.957267e+00	1.522060e+00	1.233689e+00	1.035640e+00	8.864135e-01	5.019169e+00	3.906200e+00	3.132257e+00	2.587540e+00	2.196231e+00	3.433038e+00	2.767273e+00	2.290065e+00	3.132257e+00
23200	3.850058e+00	2.644049e+00	1.947900e+00	1.514665e+00	1.227713e+00	1.030414e+00	8.780403e-01	4.999894e+00	3.889554e+00	3.118169e+00	2.575734e+00	2.186438e+00	3.418681e+00	2.755045e+00	2.288329e+00	3.118169e+00
23300	3.834516e+00	2.632054e+00	1.938600e+00	1.507336e+00	1.221783e+00	1.025131e+00	8.701569e-01	4.980755e+00	3.873022e+00	3.104200e+00	2.564048e+00	2.176741e+00	3.404433e+00	2.743132e+00	2.287241e+00	3.104200e+00
23400	3.819096e+00	2.620163e+00	1.929367e+00	1.500072e+00	1.215897e+00	1.019772e+00	8.615259e-01	4.961753e+00	3.856603e+00	3.090350e+00	2.552462e+00	2.166451e+00	3.390299e+00	2.731566e+00	2.287309e+00	3.090350e+00
23500	3.803796e+00	2.608375e+00	1.920205e+00	1.492869e+00	1.210049e+00	1.014311e+00	8.523391e-01	4.942887e+00	3.840297e+00	3.076616e+00	2.540953e+00	2.156829e+00	3.376282e+00	2.720350e+00	2.288095e+00	3.076616e+00
23600	3.788615e+00	2.596689e+00	1.911116e+00	1.485726e+00	1.204236e+00	1.008744e+00	8.430801e-01	4.924159e+00	3.824106e+00	3.062997e+00	2.529578e+00	2.147328e+00	3.362387e+00	2.709493e+00	2.289144e+00	3.062997e+00
23700	3.773554e+00	2.585106e+00	1.902102e+00	1.478640e+00	1.198452e+00	1.003079e+00	8.335249e-01	4.905568e+00	3.808028e+00	3.049493e+00	2.518277e+00	2.136840e+00	3.348617e+00	2.698976e+00	2.290878e+00	3.049493e+00
23800	3.758609e+00	2.573626e+00	1.893165e+00	1.471608e+00	1.192695e+00	9.972970e-01	8.233838e-01	4.887114e+00	3.792066e+00	3.036100e+00	2.507046e+00	2.127355e+00	3.334976e+00	2.688830e+00	2.293821e+00	3.036100e+00
23900	3.743782e+00	2.562248e+00	1.884307e+00	1.464629e+00	1.186958e+00	9.913877e-01	8.136613e-01	4.868798e+00	3.776218e+00	3.022818e+00	2.495943e+00	2.117984e+00	3.321468e+00	2.679060e+00	2.296564e+00	3.022818e+00
24000	3.729070e+00	2.550973e+00	1.875531e+00	1.457699e+00	1.181239e+00	9.853990e-01	8.054997e-01	4.850619e+00	3.760486e+00	3.009646e+00	2.484906e+00	2.107245e+00	3.308097e+00	2.669625e+00	2.295149e+00	3.009646e+00
24100	3.714474e+00	2.539800e+00	1.866838e+00	1.450817e+00	1.175534e+00	9.793944e-01	8.006348e-01	4.832577e+00	3.744870e+00	2.996581e+00	2.473912e+00	2.095746e+00	3.294865e+00	2.660336e+00	2.286184e+00	2.996581e+00
24200	3.699989e+00	2.528727e+00	1.858227e+00	1.443982e+00	1.169845e+00	9.735311e-01	7.984020e-01	4.814670e+00	3.729368e+00	2.983621e+00	2.462938e+00	2.083776e+00	3.281768e+00	2.650995e+00	2.273493e+00	2.983621e+00
24300	3.685614e+00	2.517752e+00	1.849697e+00	1.437195e+00	1.164177e+00	9.678156e-01	7.965050e-01	4.796894e+00	3.713979e+00	2.970762e+00	2.451977e+00	2.071668e+00	3.268800e+00	2.641617e+00	2.259957e+00	2.970762e+00
24400	3.671348e+00	2.506871e+00	1.841245e+00	1.430454e+00	1.158532e+00	9.622514e-01	7.952160e-01	4.779244e+00	3.698702e+00	2.958002e+00	2.441027e+00	2.059061e+00	3.255958e+00	2.632148e+00	2.244472e+00	2.958002e+00
24500	3.657186e+00	2.496083e+00	1.832871e+00	1.423761e+00	1.152915e+00	9.568625e-01	7.940447e-01	4.761719e+00	3.683535e+00	2.945337e+00	2.430061e+00	2.045901e+00	3.243234e+00	2.622551e+00	2.229444e+00	2.945337e+00
24600	3.643127e+00	2.485385e+00	1.824571e+00	1.417114e+00	1.147329e+00	9.516184e-01	7.931988e-01	4.744314e+00	3.668477e+00	2.932764e+00	2.419075e+00	2.032893e+00	3.230624e+00	2.612893e+00	2.214511e+00	2.932764e+00
24700	3.629169e+00	2.474774e+00	1.816345e+00	1.410513e+00	1.141777e+00	9.465588e-01	7.932931e-01	4.727026e+00	3.653527e+00	2.920279e+00	2.408083e+00	2.020076e+00	3.218123e+00	2.603118e+00	2.198062e+00	2.920279e+00
24800	3.615308e+00	2.464248e+00	1.808191e+00	1.403960e+00	1.136264e+00	9.416903e-01	7.932512e-01	4.709851e+00	3.638682e+00	2.907880e+00	2.397083e+00	2.007088e+00	3.205725e+00	2.593215e+00	2.181082e+00	2.907880e+00
24900	3.601544e+00	2.453804e+00	1.800107e+00	1.397452e+00	1.130793e+00	9.369821e-01	7.935558e-01	4.692786e+00	3.623943e+00	2.895563e+00	2.386067e+00	1.993552e+00	3.193425e+00	2.583176e+00	2.163557e+00	2.895563e+00
25000	3.587872e+00	2.443440e+00	1.792091e+00	1.390991e+00	1.125367e+00	9.324741e-01	7.948357e-01	4.675827e+00	3.609306e+00	2.883326e+00	2.375013e+00	1.979787e+00	3.181217e+00	2.572992e+00	2.146519e+00	2.883326e+00
25100	3.574291e+00	2.433153e+00	1.784142e+00	1.384576e+00	1.119991e+00	9.281732e-01	7.959881e-01	4.658971e+00	3.594772e+00	2.871164e+00	2.363935e+00	1.966198e+00	3.169096e+00	2.562705e+00	2.128492e+00	2.871164e+00
25200	3.560799e+00	2.422941e+00	1.776257e+00	1.378207e+00	1.114668e+00	9.240480e-01	7.975080e-01	4.642215e+00	3.580338e+00	2.859076e+00	2.352829e+00	1.951654e+00	3.157058e+00	2.552233e+00	2.108790e+00	2.859076e+00
25300	3.547392e+00	2.412801e+00	1.768436e+00	1.371883e+00	1.109401e+00	9.201389e-01	7.997516e-01	4.625555e+00	3.566003e+00	2.847057e+00	2.341647e+00	1.936814e+00	3.145095e+00	2.541589e+00	2.090085e+00	2.847057e+00
25400	3.534069e+00	2.402730e+00	1.760676e+00	1.365606e+00	1.104195e+00	9.164346e-01	8.021266e-01	4.608987e+00	3.551766e+00	2.835104e+00	2.330427e+00	1.922515e+00	3.133204e+00	2.530818e+00	2.070341e+00	2.835104e+00
25500	3.520828e+00	2.392727e+00	1.752976e+00	1.359374e+00	1.099052e+00	9.129384e-01	8.052123e-01	4.592508e+00	3.537625e+00	2.823214e+00	2.319164e+00	1.907998e+00	3.121379e+00	2.519834e+00	2.049401e+00	2.823214e+00
25600	3.507665e+00	2.382788e+00	1.745334e+00	1.353187e+00	1.093977e+00	9.096753e-01	8.087644e-01	4.576115e+00	3.523580e+00	2.811384e+00	2.307853e+00	1.893255e+00	3.109614e+00	2.508680e+00	2.028417e+00	2.811384e+00
25700	3.494578e+00	2.372911e+00	1.737748e+00	1.347046e+00	1.088973e+00	9.066315e-01	8.124617e-01	4.559804e+00	3.509627e+00	2.799611e+00	2.296491e+00	1.877887e+00	3.097905e+00	2.497322e+00	2.005694e+00	2.799611e+00
25800	3.481565e+00	2.363094e+00	1.730216e+00	1.340950e+00	1.084044e+00	9.038126e-01	8.168988e-01	4.543571e+00	3.495767e+00	2.787892e+00	2.285050e+00	1.862234e+00	3.086245e+00	2.485724e+00	1.983366e+00	2.787892e+00
25900	3.468624e+00	2.353334e+00	1.722737e+00	1.334900e+00	1.079193e+00	9.012415e-01	8.212221e-01	4.527413e+00	3.481998e+00	2.776223e+00	2.273547e+00	1.846728e+00	3.074629e+00	2.473956e+00	1.962146e+00	2.776223e+00
26000	3.455752e+00	2.343628e+00	1.715310e+00	1.328894e+00	1.074425e+00	8.988693e-01	8.229005e-01	4.511327e+00	3.468318e+00	2.764602e+00	2.261979e+00	1.834201e+00	3.063053e+00	2.462011e+00	1.943772e+00	2.764602e+00
26100	3.442947e+00	2.333975e+00	1.707931e+00	1.322933e+00	1.069740e+00	8.965665e-01	8.203941e-01	4.495310e+00	3.454727e+00	2.753025e+00	2.250513e+00	1.827895e+00	3.051512e+00	2.450037e+00	1.933157e+00	2.753025e+00
26200	3.430210e+00	2.324374e+00	1.700603e+00	1.317017e+00	1.065136e+00	8.941997e-01	8.145704e-01	4.479363e+00	3.441224e+00	2.741498e+00	2.239309e+00	1.824573e+00	3.040008e+00	2.438246e+00	1.929172e+00	2.741498e+00
26300	3.417542e+00	2.314827e+00	1.693323e+00	1.311148e+00	1.060606e+00	8.917036e-01	8.080156e-01	4.463488e+00	3.427809e+00	2.730024e+00	2.228352e+00	1.822627e+00	3.028544e+00	2.426721e+00	1.926938e+00	2.730024e+00
26400	3.404944e+00	2.305334e+00	1.686093e+00	1.305325e+00	1.056145e+00	8.891084e-01	8.010880e-01	4.447687e+00	3.414485e+00	2.718608e+00	2.217712e+00	1.822205e+00	3.017125e+00	2.415443e+00	1.923542e+00	2.718608e+00
26500	3.392418e+00	2.295895e+00	1.678912e+00	1.299549e+00	1.051748e+00	8.863691e-01	7.933967e-01	4.431963e+00	3.401250e+00	2.707256e+00	2.207378e+00	1.821210e+00	3.005753e+00	2.404362e+00	1.921201e+00	2.707256e+00
26600	3.379964e+00	2.286513e+00	1.671780e+00	1.293820e+00	1.047408e+00	8.834950e-01	7.855868e-01	4.416316e+00	3.388106e+00	2.695972e+00	2.197311e+00	1.821226e+00	2.994431e+00	2.393564e+00	1.920662e+00	2.695972e+00
26700	3.367583e+00	2.277186e+00	1.664697e+00	1.288140e+00	1.043121e+00	8.804799e-01	7.773392e-01	4.400750e+00	3.375052e+00	2.684760e+00	2.187584e+00	1.822391e+00	2.983164e+00	2.383028e+00	1.918947e+00	2.684760e+00
26800	3.355277e+00	2.267917e+00	1.657663e+00	1.282509e+00	1.038880e+00	8.773143e-01	7.686415e-01	4.385266e+00	3.362090e+00	2.673627e+00	2.178162e+00	1.823367e+00	2.971954e+00	2.372706e+00	1.918321e+00	2.673627e+00
26900	3.343047e+00	2.258706e+00	1.650679e+00	1.276927e+00	1.034681e+00	8.739919e-01	7.588359e-01	4.369866e+00	3.349220e+00	2.662575e+00	2.169050e+00	1.826296e+00	2.960804e+00	2.362682e+00	1.920155e+00	2.662575e+00
27000	3.330894e+00	2.249553e+00	1.643743e+00	1.271394e+00	1.030517e+00	8.704649e-01	7.491300e-01	4.354552e+00	3.336442e+00	2.651611e+00	2.160324e+00	1.829602e+00	2.949719e+00	2.352965e+00	1.920855e+00	2.651611e+00
27100	3.318819e+00	2.240460e+00	1.636857e+00	1.265913e+00	1.026382e+00	8.668017e-01	7.396664e-01	4.339326e+00	3.323757e+00	2.640740e+00	2.151901e+00	1.832253e+00	2.938702e+00	2.343478e+00	1.921467e+00	2.640740e+00
27200	3.306824e+00	2.231427e+00	1.630019e+00	1.260482e+00	1.022273e+00	8.629587e-01	7.284001e-01	4.324190e+00	3.311165e+00	2.629965e+00	2.143810e+00	1.836467e+00	2.927755e+00	2.334278e+00	1.923928e+00	2.629965e+00
27300	3.294908e+00	2.222455e+00	1.623231e+00	1.255103e+00	1.018182e+00	8.588865e-01	7.168802e-01	4.309147e+00	3.298667e+00	2.619292e+00	2.136082e+00	1.841872e+00	2.916883e+00	2.325374e+00	1.927035e+00	2.619292e+00
27400	3.283075e+00	2.213544e+00	1.616491e+00	1.249775e+00	1.014104e+00	8.546360e-01	7.055445e-01	4.294198e+00	3.286264e+00	2.608725e+00	2.128723e+00	1.848046e+00	2.906088e+00	2.316769e+00	1.930796e+00	2.608725e+00
27500	3.271324e+00	2.204696e+00	1.609800e+00	1.244501e+00	1.010034e+00	8.501804e-01	6.930130e-01	4.279345e+00	3.273955e+00	2.598270e+00	2.121741e+00	1.854094e+00	2.895375e+00	2.308470e+00	1.933957e+00	2.598270e+00
27600	3.259657e+00	2.195911e+00	1.603159e+00	1.239280e+00	1.005966e+00	8.454917e-01	6.799028e-01	4.264590e+00	3.261741e+00	2.587931e+00	2.115097e+00	1.861287e+00	2.884746e+00	2.300426e+00	1.938305e+00	2.587931e+00
27700	3.248074e+00	2.187189e+00	1.596566e+00	1.234112e+00	1.001894e+00	8.405811e-01	6.667524e-01	4.249935e+00	3.249623e+00	2.577712e+00	2.108866e+00	1.870224e+00	2.874204e+00	2.292726e+00	1.945289e+00	2.577712e+00
27800	3.236578e+00	2.178533e+00	1.590021e+00	1.228999e+00	9.978130e-01	8.354511e-01	6.529606e-01	4.235383e+00	3.237602e+00	2.567620e+00	2.103036e+00	1.879059e+00	2.863754e+00	2.285375e+00	1.951096e+00	2.567620e+00
27900	3.225170e+00	2.169941e+00	1.583526e+00	1.223941e+00	9.937175e-01	8.300780e-01	6.388694e-01	4.220935e+00	3.225677e+00	2.557658e+00	2.097587e+00	1.887267e+00	2.853399e+00	2.278296e+00	1.956191e+00	2.557658e+00
28000	3.213849e+00	2.161416e+00	1.577080e+00	1.218938e+00	9.896017e-01	8.244857e-01	6.278684e-01	4.206593e+00	3.213849e+00	2.547832e+00	2.092482e+00	1.891464e+00	2.843141e+00	2.271521e+00	1.959277e+00	2.547832e+00
28100	3.202618e+00	2.152957e+00	1.570682e+00	1.213991e+00	9.854617e-01	8.188427e-01	6.227991e-01	4.192358e+00	3.202119e+00	2.538143e+00	2.087536e+00	1.887424e+00	2.832984e+00	2.264914e+00	1.953449e+00	2.538143e+00
28200	3.191474e+00	2.144565e+00	1.564332e+00	1.209097e+00	9.813004e-01	8.133231e-01	6.215352e-01	4.178230e+00	3.190483e+00	2.528589e+00	2.082512e+00	1.876877e+00	2.822925e+00	2.258220e+00	1.942676e+00	2.528589e+00
28300	3.180415e+00	2.136238e+00	1.558030e+00	1.204256e+00	9.771224e-01	8.079612e-01	6.212562e-01	4.164205e+00	3.178939e+00	2.519161e+00	2.077327e+00	1.865252e+00	2.812959e+00	2.251487e+00	1.933607e+00	2.519161e+00
28400	3.169439e+00	2.127977e+00	1.551775e+00	1.199464e+00	9.729320e-01	8.027673e-01	6.215241e-01	4.150282e+00	3.167484e+00	2.509854e+00	2.072021e+00	1.852605e+00	2.803085e+00	2.244741e+00	1.922295e+00	2.509854e+00
28500	3.158545e+00	2.119781e+00	1.545567e+00	1.194720e+00	9.687340e-01	7.977503e-01	6.221727e-01	4.136458e+00	3.156115e+00	2.500661e+00	2.066511e+00	1.838786e+00	2.793299e+00	2.237863e+00	1.909162e+00	2.500661e+00
28600	3.147729e+00	2.111650e+00	1.539405e+00	1.190021e+00	9.645328e-01	7.929103e-01	6.232348e-01	4.122732e+00	3.144830e+00	2.491574e+00	2.060834e+00	1.825800e+00	2.783596e+00	2.230901e+00	1.897678e+00	2.491574e+00
28700	3.136989e+00	2.103583e+00	1.533289e+00	1.185366e+00	9.603329e-01	7.882580e-01	6.248360e-01	4.109101e+00	3.133624e+00	2.482588e+00	2.055006e+00	1.811749e+00	2.773974e+00	2.223881e+00	1.885872e+00	2.482588e+00
28800	3.126324e+00	2.095579e+00	1.527218e+00	1.180751e+00	9.561389e-01	7.837997e-01	6.269131e-01	4.095563e+00	3.122496e+00	2.473696e+00	2.048968e+00	1.796524e+00	2.764429e+00	2.216768e+00	1.872995e+00	2.473696e+00
28900	3.115731e+00	2.087639e+00	1.521191e+00	1.176176e+00	9.519553e-01	7.795420e-01	6.294749e-01	4.082116e+00	3.111443e+00	2.464891e+00	2.042734e+00	1.781134e+00	2.754958e+00	2.209557e+00	1.859718e+00	2.464891e+00
29000	3.105209e+00	2.079761e+00	1.515209e+00	1.171638e+00	9.477867e-01	7.754915e-01	6.324927e-01	4.068757e+00	3.100461e+00	2.456167e+00	2.036295e+00	1.764576e+00	2.745557e+00	2.202242e+00	1.846033e+00	2.456167e+00
29100	3.094754e+00	2.071946e+00	1.509270e+00	1.167135e+00	9.436376e-01	7.716524e-01	6.359708e-01	4.055484e+00	3.089547e+00	2.447517e+00	2.029617e+00	1.747284e+00	2.736223e+00	2.194818e+00	1.831223e+00	2.447517e+00
29200	3.084365e+00	2.064192e+00	1.503374e+00	1.162665e+00	9.395125e-01	7.680313e-01	6.399934e-01	4.042296e+00	3.078700e+00	2.438934e+00	2.022712e+00	1.729796e+00	2.726952e+00	2.187248e+00	1.816637e+00	2.438934e+00
29300	3.074040e+00	2.056500e+00	1.497521e+00	1.158226e+00	9.354159e-01	7.646367e-01	6.446124e-01	4.029189e+00	3.067915e+00	2.430412e+00	2.015573e+00	1.711087e+00	2.717740e+00	2.179587e+00	1.803101e+00	2.430412e+00
29400	3.063776e+00	2.048869e+00	1.491710e+00	1.153815e+00	9.313524e-01	7.614771e-01	6.497264e-01	4.016163e+00	3.057190e+00	2.421944e+00	2.008164e+00	1.692117e+00	2.708585e+00	2.171829e+00	1.788480e+00	2.421944e+00
29500	3.053571e+00	2.041298e+00	1.485941e+00	1.149430e+00	9.273266e-01	7.585550e-01	6.552581e-01	4.003214e+00	3.046523e+00	2.413523e+00	2.000523e+00	1.672971e+00	2.699483e+00	2.163940e+00	1.771969e+00	2.413523e+00
29600	3.043424e+00	2.033788e+00	1.480212e+00	1.145070e+00	9.233429e-01	7.558746e-01	6.614449e-01	3.990341e+00	3.035909e+00	2.405144e+00	1.992619e+00	1.651516e+00	2.690431e+00	2.155885e+00	1.754935e+00	2.405144e+00
29700	3.033332e+00	2.026337e+00	1.474524e+00	1.140732e+00	9.194058e-01	7.534507e-01	6.682345e-01	3.977540e+00	3.025347e+00	2.396799e+00	1.984390e+00	1.629715e+00	2.681424e+00	2.147685e+00	1.738895e+00	2.396799e+00
29800	3.023292e+00	2.018945e+00	1.468877e+00	1.136415e+00	9.155201e-01	7.512838e-01	6.754670e-01	3.964811e+00	3.014833e+00	2.388481e+00	1.975900e+00	1.607696e+00	2.672460e+00	2.139368e+00	1.722443e+00	2.388481e+00
29900	3.013303e+00	2.011611e+00	1.463268e+00	1.132115e+00	9.116900e-01	7.493800e-01	6.828274e-01	3.952151e+00	3.004364e+00	2.380185e+00	1.967092e+00	1.585375e+00	2.663535e+00	2.130896e+00	1.704777e+00	2.380185e+00
30000	3.003363e+00	2.004336e+00	1.457699e+00	1.127832e+00	9.079203e-01	7.477224e-01	6.876111e-01	3.939557e+00	2.993938e+00	2.371902e+00	1.958027e+00	1.568254e+00	2.654646e+00	2.122266e+00	1.690381e+00	2.371902e+00
30100	2.993469e+00	1.997119e+00	1.452168e+00	1.123562e+00	9.042141e-01	7.461740e-01	6.873839e-01	3.927028e+00	2.983552e+00	2.363630e+00	1.948902e+00	1.557907e+00	2.645789e+00	2.113621e+00	1.682629e+00	2.363630e+00
30200	2.983622e+00	1.989958e+00	1.446676e+00	1.119308e+00	9.005696e-01	7.445974e-01	6.839739e-01	3.914564e+00	2.973208e+00	2.355368e+00	1.939841e+00	1.553100e+00	2.636966e+00	2.105084e+00	1.677328e+00	2.355368e+00
30300	2.973822e+00	1.982852e+00	1.441221e+00	1.115069e+00	8.969836e-01	7.429622e-01	6.798397e-01	3.902163e+00	2.962906e+00	2.347119e+00	1.930974e+00	1.550359e+00	2.628177e+00	2.096624e+00	1.672187e+00	2.347119e+00
30400	2.964070e+00	1.975800e+00	1.435804e+00	1.110846e+00	8.934531e-01	7.412642e-01	6.753765e-01	3.889826e+00	2.952650e+00	2.338887e+00	1.922255e+00	1.547441e+00	2.619423e+00	2.088274e+00	1.668802e+00	2.338887e+00
30500	2.954366e+00	1.968801e+00	1.430424e+00	1.106640e+00	8.899749e-01	7.394944e-01	6.706516e-01	3.877552e+00	2.942440e+00	2.330673e+00	1.913713e+00	1.545490e+00	2.610705e+00	2.080066e+00	1.665713e+00	2.330673e+00
30600	2.944711e+00	1.961853e+00	1.425082e+00	1.102452e+00	8.865458e-01	7.376528e-01	6.657501e-01	3.865340e+00	2.932277e+00	2.322482e+00	1.905353e+00	1.543411e+00	2.602025e+00	2.071972e+00	1.661307e+00	2.322482e+00
30700	2.935104e+00	1.954955e+00	1.419776e+00	1.098283e+00	8.831628e-01	7.357348e-01	6.604995e-01	3.853192e+00	2.922165e+00	2.314315e+00	1.897153e+00	1.541713e+00	2.593383e+00	2.063962e+00	1.657857e+00	2.314315e+00
30800	2.925547e+00	1.948105e+00	1.414507e+00	1.094133e+00	8.798227e-01	7.337317e-01	6.549687e-01	3.841105e+00	2.912105e+00	2.306176e+00	1.889144e+00	1.541012e+00	2.584780e+00	2.056098e+00	1.655488e+00	2.306176e+00
30900	2.916040e+00	1.941304e+00	1.409274e+00	1.090004e+00	8.765223e-01	7.316432e-01	6.492445e-01	3.829080e+00	2.902097e+00	2.298067e+00	1.881329e+00	1.540189e+00	2.576218e+00	2.048353e+00	1.652576e+00	2.298067e+00
31000	2.906582e+00	1.934548e+00	1.404077e+00	1.085895e+00	8.732586e-01	7.294651e-01	6.431511e-01	3.817117e+00	2.892145e+00	2.289992e+00	1.873688e+00	1.539192e+00	2.567697e+00	2.040728e+00	1.650709e+00	2.289992e+00
31100	2.897176e+00	1.927837e+00	1.398916e+00	1.081809e+00	8.700284e-01	7.271883e-01	6.367590e-01	3.805215e+00	2.882249e+00	2.281952e+00	1.866223e+00	1.539743e+00	2.559219e+00	2.033256e+00	1.648347e+00	2.281952e+00
31200	2.887820e+00	1.921170e+00	1.393790e+00	1.077745e+00	8.668285e-01	7.248128e-01	6.301131e-01	3.793374e+00	2.872411e+00	2.273951e+00	1.858991e+00	1.540805e+00	2.550785e+00	2.025876e+00	1.644552e+00	2.273951e+00
31300	2.878516e+00	1.914545e+00	1.388700e+00	1.073705e+00	8.636559e-01	7.223319e-01	6.231610e-01	3.781594e+00	2.862634e+00	2.265992e+00	1.851945e+00	1.541710e+00	2.542395e+00	2.018590e+00	1.642562e+00	2.265992e+00
31400	2.869264e+00	1.907961e+00	1.383644e+00	1.069689e+00	8.605073e-01	7.197433e-01	6.159000e-01	3.769873e+00	2.852919e+00	2.258077e+00	1.845115e+00	1.543671e+00	2.534050e+00	2.011460e+00	1.642523e+00	2.258077e+00
31500	2.860065e+00	1.901417e+00	1.378623e+00	1.065698e+00	8.573798e-01	7.170405e-01	6.082761e-01	3.758213e+00	2.843266e+00	2.250210e+00	1.838505e+00	1.544932e+00	2.525752e+00	2.004490e+00	1.641993e+00	2.250210e+00
31600	2.850918e+00	1.894912e+00	1.373636e+00	1.061734e+00	8.542700e-01	7.142188e-01	6.004158e-01	3.746612e+00	2.833679e+00	2.242393e+00	1.832067e+00	1.547169e+00	2.517502e+00	1.997650e+00	1.640067e+00	2.242393e+00
31700	2.841824e+00	1.888443e+00	1.368683e+00	1.057796e+00	8.511750e-01	7.112784e-01	5.921433e-01	3.735070e+00	2.824159e+00	2.234628e+00	1.825883e+00	1.551134e+00	2.509301e+00	1.990911e+00	1.639173e+00	2.234628e+00
31800	2.832784e+00	1.882011e+00	1.363764e+00	1.053885e+00	8.480916e-01	7.082057e-01	5.834795e-01	3.723587e+00	2.814708e+00	2.226920e+00	1.819933e+00	1.553805e+00	2.501149e+00	1.984335e+00	1.639438e+00	2.226920e+00
31900	2.823798e+00	1.875612e+00	1.358879e+00	1.050003e+00	8.450165e-01	7.050028e-01	5.749303e-01	3.712162e+00	2.805327e+00	2.219270e+00	1.814167e+00	1.556870e+00	2.493049e+00	1.977896e+00	1.637433e+00	2.219270e+00
32000	2.814867e+00	1.869248e+00	1.354026e+00	1.046150e+00	8.419468e-01	7.016817e-01	5.677672e-01	3.700796e+00	2.796017e+00	2.211681e+00	1.808641e+00	1.559205e+00	2.485000e+00	1.971528e+00	1.635555e+00	2.211681e+00
32100	2.805990e+00	1.862915e+00	1.349207e+00	1.042327e+00	8.388799e-01	6.983071e-01	5.633014e-01	3.689488e+00	2.786781e+00	2.204156e+00	1.803254e+00	1.556294e+00	2.477003e+00	1.965297e+00	1.633913e+00	2.204156e+00
32200	2.797168e+00	1.856614e+00	1.344420e+00	1.038534e+00	8.358159e-01	6.949524e-01	5.606637e-01	3.678237e+00	2.777618e+00	2.196694e+00	1.797870e+00	1.550246e+00	2.469059e+00	1.959140e+00	1.628067e+00	2.196694e+00
32300	2.788400e+00	1.850346e+00	1.339665e+00	1.034769e+00	8.327554e-01	6.916344e-01	5.584332e-01	3.667045e+00	2.768525e+00	2.189293e+00	1.792487e+00	1.544097e+00	2.461167e+00	1.952959e+00	1.621238e+00	2.189293e+00
32400	2.779685e+00	1.844110e+00	1.334942e+00	1.031034e+00	8.296992e-01	6.883542e-01	5.562433e-01	3.655910e+00	2.759501e+00	2.181952e+00	1.787104e+00	1.538469e+00	2.453325e+00	1.946816e+00	1.616139e+00	2.181952e+00
32500	2.771022e+00	1.837905e+00	1.330251e+00	1.027326e+00	8.266479e-01	6.851104e-01	5.541374e-01	3.644833e+00	2.750546e+00	2.174669e+00	1.781744e+00	1.532790e+00	2.445534e+00	1.940711e+00	1.609282e+00	2.174669e+00
32600	2.762411e+00	1.831733e+00	1.325590e+00	1.023646e+00	8.236022e-01	6.819063e-01	5.521685e-01	3.633814e+00	2.741658e+00	2.167444e+00	1.776380e+00	1.526379e+00	2.437792e+00	1.934578e+00	1.603178e+00	2.167444e+00
32700	2.753852e+00	1.825593e+00	1.320961e+00	1.019994e+00	8.205628e-01	6.787429e-01	5.502912e-01	3.622852e+00	2.732834e+00	2.160274e+00	1.771008e+00	1.520491e+00	2.430098e+00	1.928513e+00	1.599796e+00	2.160274e+00
32800	2.745344e+00	1.819485e+00	1.316361e+00	1.016368e+00	8.175304e-01	6.756212e-01	5.484587e-01	3.611948e+00	2.724075e+00	2.153159e+00	1.765654e+00	1.513260e+00	2.422453e+00	1.922515e+00	1.593807e+00	2.153159e+00
32900	2.736886e+00	1.813410e+00	1.311792e+00	1.012769e+00	8.145057e-01	6.725398e-01	5.467640e-01	3.601102e+00	2.715378e+00	2.146097e+00	1.760235e+00	1.505804e+00	2.414856e+00	1.916487e+00	1.586790e+00	2.146097e+00
33000	2.728477e+00	1.807366e+00	1.307251e+00	1.009195e+00	8.114893e-01	6.695044e-01	5.451691e-01	3.590314e+00	2.706742e+00	2.139085e+00	1.754827e+00	1.500859e+00	2.407305e+00	1.910490e+00	1.581560e+00	2.139085e+00
33100	2.720118e+00	1.801355e+00	1.302741e+00	1.005647e+00	8.084821e-01	6.665115e-01	5.436183e-01	3.579583e+00	2.698166e+00	2.132124e+00	1.749460e+00	1.494610e+00	2.399801e+00	1.904526e+00	1.574497e+00	2.132124e+00
33200	2.711807e+00	1.795377e+00	1.298259e+00	1.002124e+00	8.054845e-01	6.635640e-01	5.422141e-01	3.568910e+00	2.689648e+00	2.125212e+00	1.744048e+00	1.486223e+00	2.392342e+00	1.898525e+00	1.568207e+00	2.125212e+00
33300	2.703543e+00	1.789430e+00	1.293805e+00	9.986260e-01	8.024975e-01	6.606633e-01	5.408603e-01	3.558295e+00	2.681187e+00	2.118347e+00	1.738588e+00	1.478955e+00	2.384927e+00	1.892586e+00	1.564731e+00	2.118347e+00
33400	2.695328e+00	1.783516e+00	1.289379e+00	9.951518e-01	7.995215e-01	6.578077e-01	5.396524e-01	3.547737e+00	2.672781e+00	2.111527e+00	1.733133e+00	1.472265e+00	2.377557e+00	1.886711e+00	1.558542e+00	2.111527e+00
33500	2.687158e+00	1.777635e+00	1.284981e+00	9.917012e-01	7.965574e-01	6.550032e-01	5.385009e-01	3.537237e+00	2.664430e+00	2.104752e+00	1.727654e+00	1.465448e+00	2.370231e+00	1.880796e+00	1.550341e+00	2.104752e+00
33600	2.679035e+00	1.771786e+00	1.280611e+00	9.882740e-01	7.936058e-01	6.522434e-01	5.374440e-01	3.526795e+00	2.656131e+00	2.098019e+00	1.722175e+00	1.458549e+00	2.362947e+00	1.874873e+00	1.544854e+00	2.098019e+00
33700	2.670958e+00	1.765969e+00	1.276267e+00	9.848694e-01	7.906673e-01	6.495365e-01	5.365973e-01	3.516410e+00	2.647883e+00	2.091329e+00	1.716669e+00	1.450162e+00	2.355705e+00	1.869010e+00	1.539412e+00	2.091329e+00
33800	2.662925e+00	1.760185e+00	1.271950e+00	9.814872e-01	7.877428e-01	6.468813e-01	5.357558e-01	3.506082e+00	2.639685e+00	2.084678e+00	1.711104e+00	1.442249e+00	2.348505e+00	1.863137e+00	1.532948e+00	2.084678e+00
33900	2.654937e+00	1.754433e+00	1.267659e+00	9.781269e-01	7.848328e-01	6.442761e-01	5.350685e-01	3.495813e+00	2.631536e+00	2.078066e+00	1.705533e+00	1.434918e+00	2.341345e+00	1.857287e+00	1.527412e+00	2.078066e+00
34000	2.646992e+00	1.748714e+00	1.263394e+00	9.747880e-01	7.819381e-01	6.417270e-01	5.344948e-01	3.485600e+00	2.623434e+00	2.071491e+00	1.699928e+00	1.426756e+00	2.334226e+00	1.851460e+00	1.519929e+00	2.071491e+00
34100	2.639091e+00	1.743027e+00	1.259154e+00	9.714701e-01	7.790594e-01	6.392299e-01	5.339233e-01	3.475445e+00	2.615377e+00	2.064952e+00	1.694285e+00	1.418436e+00	2.327146e+00	1.845586e+00	1.513253e+00	2.064952e+00
34200	2.631232e+00	1.737373e+00	1.254940e+00	9.681727e-01	7.761973e-01	6.367859e-01	5.335625e-01	3.465348e+00	2.607365e+00	2.058447e+00	1.688603e+00	1.410654e+00	2.320104e+00	1.839765e+00	1.508552e+00	2.058447e+00
34300	2.623415e+00	1.731752e+00	1.250750e+00	9.648953e-01	7.733525e-01	6.344008e-01	5.333193e-01	3.455308e+00	2.599395e+00	2.051975e+00	1.682907e+00	1.402770e+00	2.313101e+00	1.833964e+00	1.501883e+00	2.051975e+00
34400	2.615640e+00	1.726163e+00	1.246584e+00	9.616376e-01	7.705258e-01	6.320707e-01	5.331335e-01	3.445326e+00	2.591467e+00	2.045535e+00	1.677168e+00	1.394026e+00	2.306135e+00	1.828147e+00	1.495118e+00	2.045535e+00
34500	2.607905e+00	1.720607e+00	1.242442e+00	9.583990e-01	7.677177e-01	6.297990e-01	5.331162e-01	3.435401e+00	2.583579e+00	2.039125e+00	1.671384e+00	1.385112e+00	2.299206e+00	1.822347e+00	1.489307e+00	2.039125e+00
34600	2.600211e+00	1.715084e+00	1.238324e+00	9.551791e-01	7.649291e-01	6.275869e-01	5.331627e-01	3.425533e+00	2.575730e+00	2.032744e+00	1.665552e+00	1.376026e+00	2.292313e+00	1.816563e+00	1.482471e+00	2.032744e+00
34700	2.592556e+00	1.709593e+00	1.234229e+00	9.519775e-01	7.621605e-01	6.254326e-01	5.333766e-01	3.415723e+00	2.567917e+00	2.026390e+00	1.659669e+00	1.366764e+00	2.285456e+00	1.810760e+00	1.474529e+00	2.026390e+00
34800	2.584940e+00	1.704136e+00	1.230157e+00	9.487938e-01	7.594127e-01	6.233422e-01	5.337150e-01	3.405970e+00	2.560141e+00	2.020062e+00	1.653734e+00	1.358046e+00	2.278633e+00	1.804935e+00	1.467477e+00	2.020062e+00
34900	2.577362e+00	1.698711e+00	1.226107e+00	9.456273e-01	7.566864e-01	6.213118e-01	5.340615e-01	3.396275e+00	2.552399e+00	2.013758e+00	1.647773e+00	1.349208e+00	2.271844e+00	1.799123e+00	1.462414e+00	2.013758e+00
35000	2.569823e+00	1.693318e+00	1.222080e+00	9.424778e-01	7.539822e-01	6.193422e-01	5.340858e-01	3.386637e+00	2.544690e+00	2.007478e+00	1.641757e+00	1.340199e+00	2.265088e+00	1.793358e+00	1.456372e+00	2.007478e+00
35100	2.562321e+00	1.687959e+00	1.218074e+00	9.393448e-01	7.513008e-01	6.174144e-01	5.332477e-01	3.377056e+00	2.537013e+00	2.001219e+00	1.635711e+00	1.333270e+00	2.258366e+00	1.787570e+00	1.450241e+00	2.001219e+00
35200	2.554855e+00	1.682632e+00	1.214089e+00	9.362282e-01	7.486420e-01	6.155055e-01	5.320410e-01	3.367532e+00	2.529367e+00	1.994982e+00	1.629694e+00	1.328573e+00	2.251675e+00	1.781825e+00	1.446205e+00	1.994982e+00
35300	2.547427e+00	1.677338e+00	1.210126e+00	9.331278e-01	7.460056e-01	6.136205e-01	5.308559e-01	3.358065e+00	2.521754e+00	1.988766e+00	1.623735e+00	1.323975e+00	2.245018e+00	1.776128e+00	1.441190e+00	1.988766e+00
35400	2.540035e+00	1.672076e+00	1.206185e+00	9.300437e-01	7.433916e-01	6.117542e-01	5.295712e-01	3.348653e+00	2.514171e+00	1.982573e+00	1.617806e+00	1.317184e+00	2.238392e+00	1.770439e+00	1.437204e+00	1.982573e+00
35500	2.532680e+00	1.666846e+00	1.202264e+00	9.269757e-01	7.407996e-01	6.099060e-01	5.282966e-01	3.339297e+00	2.506620e+00	1.976401e+00	1.611846e+00	1.311807e+00	2.231799e+00	1.764832e+00	1.433339e+00	1.976401e+00
35600	2.525362e+00	1.661648e+00	1.198365e+00	9.239237e-01	7.382296e-01	6.080760e-01	5.270887e-01	3.329997e+00	2.499101e+00	1.970250e+00	1.605973e+00	1.308082e+00	2.225238e+00	1.759234e+00	1.428415e+00	1.970250e+00
35700	2.518079e+00	1.656481e+00	1.194487e+00	9.208877e-01	7.356812e-01	6.062662e-01	5.259526e-01	3.320751e+00	2.491613e+00	1.964122e+00	1.600131e+00	1.302138e+00	2.218709e+00	1.753681e+00	1.424598e+00	1.964122e+00
35800	2.510833e+00	1.651345e+00	1.190630e+00	9.178675e-01	7.331545e-01	6.044765e-01	5.246601e-01	3.311559e+00	2.484157e+00	1.958015e+00	1.594287e+00	1.296932e+00	2.212212e+00	1.748172e+00	1.419770e+00	1.958015e+00
35900	2.503623e+00	1.646240e+00	1.186794e+00	9.148631e-01	7.306491e-01	6.026989e-01	5.234240e-01	3.302421e+00	2.476732e+00	1.951930e+00	1.588502e+00	1.292584e+00	2.205747e+00	1.742673e+00	1.414924e+00	1.951930e+00
36000	2.496448e+00	1.641166e+00	1.182978e+00	9.118745e-01	7.281648e-01	6.009434e-01	5.223213e-01	3.293337e+00	2.469339e+00	1.945867e+00	1.582747e+00	1.287513e+00	2.199313e+00	1.737217e+00	1.412284e+00	1.945867e+00
36100	2.489309e+00	1.636123e+00	1.179183e+00	9.089014e-01	7.257016e-01	5.992046e-01	5.211119e-01	3.284305e+00	2.461976e+00	1.939826e+00	1.577021e+00	1.282479e+00	2.192911e+00	1.731842e+00	1.407604e+00	1.939826e+00
36200	2.482205e+00	1.631110e+00	1.175409e+00	9.059439e-01	7.232591e-01	5.974822e-01	5.199688e-01	3.275326e+00	2.454646e+00	1.933807e+00	1.571324e+00	1.276702e+00	2.186541e+00	1.726439e+00	1.401749e+00	1.933807e+00
36300	2.475137e+00	1.626127e+00	1.171655e+00	9.030019e-01	7.208373e-01	5.957786e-01	5.187795e-01	3.266400e+00	2.447346e+00	1.927810e+00	1.565627e+00	1.271683e+00	2.180201e+00	1.721079e+00	1.399219e+00	1.927810e+00
36400	2.468103e+00	1.621175e+00	1.167921e+00	9.000752e-01	7.184359e-01	5.940883e-01	5.175926e-01	3.257524e+00	2.440078e+00	1.921834e+00	1.559988e+00	1.268335e+00	2.173893e+00	1.715799e+00	1.395719e+00	1.921834e+00
36500	2.461105e+00	1.616251e+00	1.164208e+00	8.971638e-01	7.160547e-01	5.924162e-01	5.165359e-01	3.248701e+00	2.432842e+00	1.915881e+00	1.554409e+00	1.263513e+00	2.167616e+00	1.710526e+00	1.391103e+00	1.915881e+00
36600	2.454141e+00	1.611357e+00	1.160515e+00	8.942677e-01	7.136936e-01	5.907620e-01	5.154321e-01	3.239928e+00	2.425636e+00	1.909950e+00	1.548830e+00	1.257877e+00	2.161370e+00	1.705297e+00	1.387646e+00	1.909950e+00
36700	2.447212e+00	1.606493e+00	1.156841e+00	8.913866e-01	7.113524e-01	5.891230e-01	5.142144e-01	3.231205e+00	2.418462e+00	1.904041e+00	1.543280e+00	1.253070e+00	2.155155e+00	1.700112e+00	1.383122e+00	1.904041e+00
36800	2.440317e+00	1.601657e+00	1.153188e+00	8.885206e-01	7.090309e-01	5.874963e-01	5.130573e-01	3.222533e+00	2.411319e+00	1.898154e+00	1.537759e+00	1.248301e+00	2.148971e+00	1.694933e+00	1.378575e+00	1.898154e+00
36900	2.433456e+00	1.596850e+00	1.149554e+00	8.856695e-01	7.067288e-01	5.858866e-01	5.120316e-01	3.213910e+00	2.404208e+00	1.892289e+00	1.532268e+00	1.243569e+00	2.142817e+00	1.689796e+00	1.375205e+00	1.892289e+00
37000	2.426629e+00	1.592072e+00	1.145940e+00	8.828333e-01	7.044461e-01	5.842939e-01	5.109559e-01	3.205336e+00	2.397127e+00	1.886446e+00	1.526806e+00	1.239693e+00	2.136694e+00	1.684702e+00	1.371892e+00	1.886446e+00
37100	2.419836e+00	1.587322e+00	1.142346e+00	8.800119e-01	7.021825e-01	5.827152e-01	5.098240e-01	3.196810e+00	2.390078e+00	1.880625e+00	1.521404e+00	1.235098e+00	2.130601e+00	1.679651e+00	1.368635e+00	1.880625e+00
37200	2.413077e+00	1.582600e+00	1.138771e+00	8.772052e-01	6.999379e-01	5.811503e-01	5.086960e-01	3.188333e+00	2.383060e+00	1.874827e+00	1.516002e+00	1.229664e+00	2.124539e+00	1.674642e+00	1.364280e+00	1.874827e+00
37300	2.406351e+00	1.577905e+00	1.135215e+00	8.744131e-01	6.977120e-01	5.795989e-01	5.076339e-01	3.179904e+00	2.376073e+00	1.869050e+00	1.510628e+00	1.226744e+00	2.118507e+00	1.669639e+00	1.358737e+00	1.869050e+00
37400	2.399659e+00	1.573239e+00	1.131679e+00	8.716355e-01	6.955047e-01	5.780634e-01	5.065180e-01	3.171522e+00	2.369117e+00	1.863296e+00	1.505347e+00	1.222327e+00	2.112505e+00	1.664640e+00	1.355488e+00	1.863296e+00
37500	2.393000e+00	1.568599e+00	1.128162e+00	8.688724e-01	6.933158e-01	5.765381e-01	5.054003e-01	3.163188e+00	2.362192e+00	1.857565e+00	1.500034e+00	1.216163e+00	2.106532e+00	1.659719e+00	1.354707e+00	1.857565e+00
37600	2.386374e+00	1.563987e+00	1.124664e+00	8.661237e-01	6.911450e-01	5.750281e-01	5.044795e-01	3.154899e+00	2.355299e+00	1.851855e+00	1.494749e+00	1.213385e+00	2.100590e+00	1.654880e+00	1.350539e+00	1.851855e+00
37700	2.379781e+00	1.559402e+00	1.121184e+00	8.633892e-01	6.889923e-01	5.735360e-01	5.034460e-01	3.146657e+00	2.348436e+00	1.846168e+00	1.489557e+00	1.209083e+00	2.094678e+00	1.650007e+00	1.343908e+00	1.846168e+00
37800	2.373220e+00	1.554843e+00	1.117724e+00	8.606690e-01	6.868575e-01	5.720535e-01	5.022188e-01	3.138460e+00	2.341604e+00	1.840504e+00	1.484334e+00	1.203007e+00	2.088795e+00	1.645136e+00	1.340793e+00	1.840504e+00
37900	2.366692e+00	1.550311e+00	1.114283e+00	8.579629e-01	6.847403e-01	5.705801e-01	5.011148e-01	3.130309e+00	2.334804e+00	1.834861e+00	1.479138e+00	1.200370e+00	2.082941e+00	1.640345e+00	1.338996e+00	1.834861e+00
38000	2.360196e+00	1.545805e+00	1.110860e+00	8.552708e-01	6.826405e-01	5.691209e-01	5.001457e-01	3.122202e+00	2.328034e+00	1.829241e+00	1.474036e+00	1.197045e+00	2.077117e+00	1.635595e+00	1.336066e+00	1.829241e+00
38100	2.353733e+00	1.541325e+00	1.107455e+00	8.525926e-01	6.805580e-01	5.676759e-01	4.991190e-01	3.114140e+00	2.321295e+00	1.823644e+00	1.468933e+00	1.191121e+00	2.071322e+00	1.630886e+00	1.331979e+00	1.823644e+00
38200	2.347301e+00	1.536871e+00	1.104069e+00	8.499283e-01	6.784926e-01	5.662419e-01	4.980936e-01	3.106121e+00	2.314588e+00	1.818069e+00	1.463828e+00	1.186894e+00	2.065557e+00	1.626181e+00	1.327864e+00	1.818069e+00
38300	2.340902e+00	1.532443e+00	1.100701e+00	8.472779e-01	6.764441e-01	5.648215e-01	4.970083e-01	3.098146e+00	2.307911e+00	1.812516e+00	1.458784e+00	1.184510e+00	2.059820e+00	1.621515e+00	1.325009e+00	1.812516e+00
38400	2.334534e+00	1.528039e+00	1.097352e+00	8.446411e-01	6.744124e-01	5.634090e-01	4.959177e-01	3.090214e+00	2.301265e+00	1.806986e+00	1.453802e+00	1.180488e+00	2.054113e+00	1.616891e+00	1.320977e+00	1.806986e+00
38500	2.328197e+00	1.523661e+00	1.094021e+00	8.420179e-01	6.723971e-01	5.620093e-01	4.948973e-01	3.082325e+00	2.294650e+00	1.801479e+00	1.448819e+00	1.175565e+00	2.048434e+00	1.612268e+00	1.318153e+00	1.801479e+00
38600	2.321892e+00	1.519308e+00	1.090707e+00	8.394083e-01	6.703983e-01	5.606199e-01	4.938102e-01	3.074478e+00	2.288066e+00	1.795994e+00	1.443865e+00	1.171556e+00	2.042784e+00	1.607723e+00	1.315447e+00	1.795994e+00
38700	2.315618e+00	1.514979e+00	1.087412e+00	8.368121e-01	6.684155e-01	5.592400e-01	4.927883e-01	3.066672e+00	2.281512e+00	1.790532e+00	1.438942e+00	1.167586e+00	2.037163e+00	1.603181e+00	1.311480e+00	1.790532e+00
38800	2.309375e+00	1.510674e+00	1.084134e+00	8.342293e-01	6.664488e-01	5.578725e-01	4.917705e-01	3.058908e+00	2.274990e+00	1.785092e+00	1.434049e+00	1.164553e+00	2.031570e+00	1.598678e+00	1.307546e+00	1.785092e+00
38900	2.303163e+00	1.506394e+00	1.080874e+00	8.316597e-01	6.644978e-01	5.565142e-01	4.907513e-01	3.051185e+00	2.268498e+00	1.779675e+00	1.429218e+00	1.160725e+00	2.026006e+00	1.594177e+00	1.303581e+00	1.779675e+00
39000	2.296981e+00	1.502138e+00	1.077631e+00	8.291034e-01	6.625625e-01	5.551676e-01	4.896673e-01	3.043503e+00	2.262037e+00	1.774281e+00	1.424386e+00	1.156881e+00	2.020469e+00	1.589714e+00	1.302190e+00	1.774281e+00
39100	2.290830e+00	1.497905e+00	1.074406e+00	8.265602e-01	6.606426e-01	5.538270e-01	4.885069e-01	3.035860e+00	2.255607e+00	1.768909e+00	1.419616e+00	1.154043e+00	2.014961e+00	1.585330e+00	1.299659e+00	1.768909e+00
39200	2.284709e+00	1.493696e+00	1.071199e+00	8.240300e-01	6.587379e-01	5.524947e-01	4.874796e-01	3.028257e+00	2.249208e+00	1.763561e+00	1.414877e+00	1.149425e+00	2.009481e+00	1.580947e+00	1.295832e+00	1.763561e+00
39300	2.278619e+00	1.489510e+00	1.068009e+00	8.215128e-01	6.568482e-01	5.511733e-01	4.865234e-01	3.020693e+00	2.242839e+00	1.758235e+00	1.410135e+00	1.144776e+00	2.004029e+00	1.576602e+00	1.292037e+00	1.758235e+00
39400	2.272558e+00	1.485347e+00	1.064835e+00	8.190084e-01	6.549734e-01	5.498626e-01	4.855006e-01	3.013168e+00	2.236501e+00	1.752932e+00	1.405424e+00	1.142005e+00	1.998605e+00	1.572258e+00	1.288210e+00	1.752932e+00
39500	2.266527e+00	1.481207e+00	1.061679e+00	8.165168e-01	6.531133e-01	5.485596e-01	4.844046e-01	3.005681e+00	2.230193e+00	1.747651e+00	1.400775e+00	1.139342e+00	1.993208e+00	1.567951e+00	1.287020e+00	1.747651e+00
39600	2.260526e+00	1.477090e+00	1.058540e+00	8.140379e-01	6.512677e-01	5.472640e-01	4.833036e-01	2.998232e+00	2.223916e+00	1.742394e+00	1.396158e+00	1.134862e+00	1.987839e+00	1.563723e+00	1.284659e+00	1.742394e+00
39700	2.254554e+00	1.472995e+00	1.055418e+00	8.115717e-01	6.494364e-01	5.459754e-01	4.822679e-01	2.990820e+00	2.217670e+00	1.737159e+00	1.391537e+00	1.132230e+00	1.982498e+00	1.559495e+00	1.279649e+00	1.737159e+00
39800	2.248612e+00	1.468921e+00	1.052312e+00	8.091179e-01	6.476192e-01	5.446964e-01	4.812325e-01	2.983445e+00	2.211454e+00	1.731947e+00	1.387014e+00	1.129766e+00	1.977184e+00	1.555264e+00	1.275908e+00	1.731947e+00
39900	2.242698e+00	1.464870e+00	1.049223e+00	8.066766e-01	6.458160e-01	5.434240e-01	4.801209e-01	2.976107e+00	2.205269e+00	1.726759e+00	1.382489e+00	1.124450e+00	1.971897e+00	1.551072e+00	1.273527e+00	1.726759e+00
40000	2.236814e+00	1.460841e+00	1.046150e+00	8.042477e-01	6.440265e-01	5.421579e-01	4.790029e-01	2.968805e+00	2.199115e+00	1.721593e+00	1.377960e+00	1.120995e+00	1.966637e+00	1.546917e+00	1.271197e+00	1.721593e+00
40100	2.230958e+00	1.456832e+00	1.043094e+00	8.018311e-01	6.422506e-01	5.408979e-01	4.778782e-01	2.961539e+00	2.192991e+00	1.716450e+00	1.373495e+00	1.118597e+00	1.961404e+00	1.542800e+00	1.268917e+00	1.716450e+00
40200	2.225131e+00	1.452845e+00	1.040054e+00	7.994266e-01	6.404880e-01	5.396434e-01	4.768909e-01	2.954308e+00	2.186897e+00	1.711330e+00	1.369061e+00	1.116253e+00	1.956198e+00	1.538721e+00	1.266688e+00	1.711330e+00
40300	2.219333e+00	1.448879e+00	1.037031e+00	7.970343e-01	6.387386e-01	5.384002e-01	4.759082e-01	2.947112e+00	2.180834e+00	1.706233e+00	1.364690e+00	1.113051e+00	1.951019e+00	1.534680e+00	1.263152e+00	1.706233e+00
40400	2.213563e+00	1.444934e+00	1.034023e+00	7.946540e-01	6.370023e-01	5.371624e-01	4.747009e-01	2.939950e+00	2.174802e+00	1.701160e+00	1.360319e+00	1.108858e+00	1.945867e+00	1.530636e+00	1.259579e+00	1.701160e+00
40500	2.207821e+00	1.441009e+00	1.031032e+00	7.922857e-01	6.352788e-01	5.359265e-01	4.734791e-01	2.932822e+00	2.168800e+00	1.696109e+00	1.355976e+00	1.106646e+00	1.940741e+00	1.526629e+00	1.257405e+00	1.696109e+00
40600	2.202106e+00	1.437105e+00	1.028056e+00	7.899292e-01	6.335679e-01	5.346953e-01	4.724689e-01	2.925728e+00	2.162828e+00	1.691082e+00	1.351700e+00	1.103564e+00	1.935642e+00	1.522659e+00	1.253904e+00	1.691082e+00
40700	2.196420e+00	1.433220e+00	1.025097e+00	7.875845e-01	6.318694e-01	5.334742e-01	4.714620e-01	2.918666e+00	2.156887e+00	1.686078e+00	1.347420e+00	1.099475e+00	1.930569e+00	1.518685e+00	1.251747e+00	1.686078e+00
40800	2.190761e+00	1.429355e+00	1.022152e+00	7.852515e-01	6.301833e-01	5.322575e-01	4.702245e-01	2.911638e+00	2.150976e+00	1.681097e+00	1.343171e+00	1.096404e+00	1.925522e+00	1.514788e+00	1.249707e+00	1.681097e+00
40900	2.185130e+00	1.425510e+00	1.019224e+00	7.829301e-01	6.285092e-01	5.310416e-01	4.690459e-01	2.904641e+00	2.145095e+00	1.676139e+00	1.338953e+00	1.094371e+00	1.920502e+00	1.510889e+00	1.244854e+00	1.676139e+00
41000	2.179526e+00	1.421684e+00	1.016311e+00	7.806203e-01	6.268470e-01	5.298322e-01	4.679376e-01	2.897677e+00	2.139245e+00	1.671204e+00	1.334799e+00	1.092450e+00	1.915507e+00	1.506983e+00	1.242748e+00	1.671204e+00
41100	2.173949e+00	1.417878e+00	1.013413e+00	7.783219e-01	6.251965e-01	5.286262e-01	4.668199e-01	2.890744e+00	2.133425e+00	1.666293e+00	1.330677e+00	1.088569e+00	1.910538e+00	1.503155e+00	1.242170e+00	1.666293e+00
41200	2.168399e+00	1.414090e+00	1.010531e+00	7.760348e-01	6.235575e-01	5.274261e-01	4.656975e-01	2.883841e+00	2.127635e+00	1.661405e+00	1.326552e+00	1.085667e+00	1.905595e+00	1.499363e+00	1.238825e+00	1.661405e+00
41300	2.162875e+00	1.410321e+00	1.007663e+00	7.737590e-01	6.219299e-01	5.262290e-01	4.644888e-01	2.876970e+00	2.121876e+00	1.656540e+00	1.322492e+00	1.083881e+00	1.900678e+00	1.495566e+00	1.235438e+00	1.656540e+00
41400	2.157379e+00	1.406570e+00	1.004811e+00	7.714945e-01	6.203134e-01	5.250343e-01	4.632684e-01	2.870128e+00	2.116147e+00	1.651699e+00	1.318464e+00	1.080105e+00	1.895786e+00	1.491805e+00	1.233510e+00	1.651699e+00
41500	2.151908e+00	1.402838e+00	1.001974e+00	7.692410e-01	6.187079e-01	5.238419e-01	4.621132e-01	2.863316e+00	2.110448e+00	1.646881e+00	1.314431e+00	1.077323e+00	1.890920e+00	1.488080e+00	1.230192e+00	1.646881e+00
41600	2.146464e+00	1.399123e+00	9.991514e-01	7.669986e-01	6.171131e-01	5.226544e-01	4.610293e-01	2.856533e+00	2.104779e+00	1.642086e+00	1.310465e+00	1.076705e+00	1.886079e+00	1.484348e+00	1.226830e+00	1.642086e+00
41700	2.141046e+00	1.395426e+00	9.963436e-01	7.647671e-01	6.155290e-01	5.214717e-01	4.597847e-01	2.849779e+00	2.099140e+00	1.637315e+00	1.306565e+00	1.074142e+00	1.881263e+00	1.480651e+00	1.226399e+00	1.637315e+00
41800	2.135654e+00	1.391747e+00	9.935505e-01	7.625465e-01	6.139553e-01	5.202875e-01	4.584436e-01	2.843054e+00	2.093532e+00	1.632568e+00	1.302661e+00	1.069475e+00	1.876472e+00	1.477031e+00	1.224646e+00	1.632568e+00
41900	2.130288e+00	1.388085e+00	9.907719e-01	7.603367e-01	6.123918e-01	5.191044e-01	4.572451e-01	2.836356e+00	2.087954e+00	1.627844e+00	1.298754e+00	1.066853e+00	1.871707e+00	1.473406e+00	1.219939e+00	1.627844e+00
42000	2.124947e+00	1.384440e+00	9.880077e-01	7.581375e-01	6.108383e-01	5.179253e-01	4.561180e-01	2.829685e+00	2.082406e+00	1.623143e+00	1.294913e+00	1.065383e+00	1.866966e+00	1.469772e+00	1.216638e+00	1.623143e+00
42100	2.119632e+00	1.380812e+00	9.852578e-01	7.559490e-01	6.092947e-01	5.167499e-01	4.548257e-01	2.823042e+00	2.076887e+00	1.618466e+00	1.291103e+00	1.062911e+00	1.862250e+00	1.466173e+00	1.214843e+00	1.618466e+00
42200	2.114342e+00	1.377201e+00	9.825222e-01	7.537710e-01	6.077608e-01	5.155719e-01	4.535136e-01	2.816425e+00	2.071399e+00	1.613812e+00	1.287325e+00	1.061542e+00	1.857558e+00	1.462608e+00	1.214581e+00	1.613812e+00
42300	2.109077e+00	1.373605e+00	9.798006e-01	7.516035e-01	6.062363e-01	5.143970e-01	4.522719e-01	2.809835e+00	2.065941e+00	1.609182e+00	1.283613e+00	1.060289e+00	1.852891e+00	1.459120e+00	1.212962e+00	1.609182e+00
42400	2.103837e+00	1.370026e+00	9.770930e-01	7.494463e-01	6.047212e-01	5.132220e-01	4.509356e-01	2.803270e+00	2.060513e+00	1.604576e+00	1.279933e+00	1.056947e+00	1.848249e+00	1.455625e+00	1.208316e+00	1.604576e+00
42500	2.098622e+00	1.366463e+00	9.743993e-01	7.472994e-01	6.032151e-01	5.120465e-01	4.496645e-01	2.796731e+00	2.055115e+00	1.599994e+00	1.276250e+00	1.053570e+00	1.843631e+00	1.452121e+00	1.205111e+00	1.599994e+00
42600	2.093431e+00	1.362916e+00	9.717194e-01	7.451627e-01	6.017180e-01	5.108735e-01	4.483839e-01	2.790216e+00	2.049747e+00	1.595435e+00	1.272598e+00	1.051301e+00	1.839037e+00	1.448651e+00	1.203445e+00	1.595435e+00
42700	2.088264e+00	1.359384e+00	9.690532e-01	7.430361e-01	6.002296e-01	5.096995e-01	4.470064e-01	2.783726e+00	2.044409e+00	1.590900e+00	1.268978e+00	1.049073e+00	1.834467e+00	1.445214e+00	1.200301e+00	1.590900e+00
42800	2.083122e+00	1.355867e+00	9.664005e-01	7.409195e-01	5.987498e-01	5.085243e-01	4.456122e-01	2.777260e+00	2.039101e+00	1.586388e+00	1.265388e+00	1.049070e+00	1.829921e+00	1.441768e+00	1.198639e+00	1.586388e+00
42900	2.078004e+00	1.352366e+00	9.637613e-01	7.388128e-01	5.972783e-01	5.073476e-01	4.443655e-01	2.770818e+00	2.033823e+00	1.581900e+00	1.261902e+00	1.048163e+00	1.825398e+00	1.438397e+00	1.198629e+00	1.581900e+00
43000	2.072910e+00	1.348879e+00	9.611355e-01	7.367161e-01	5.958150e-01	5.061754e-01	4.430316e-01	2.764398e+00	2.028575e+00	1.577437e+00	1.258413e+00	1.042840e+00	1.820900e+00	1.435061e+00	1.195598e+00	1.577437e+00
43100	2.067839e+00	1.345406e+00	9.585229e-01	7.346291e-01	5.943598e-01	5.049981e-01	4.414264e-01	2.758002e+00	2.023356e+00	1.572997e+00	1.254883e+00	1.040712e+00	1.816425e+00	1.431714e+00	1.192517e+00	1.572997e+00
43200	2.062792e+00	1.341948e+00	9.559235e-01	7.325518e-01	5.929123e-01	5.038154e-01	4.401291e-01	2.751627e+00	2.018168e+00	1.568580e+00	1.251456e+00	1.042088e+00	1.811974e+00	1.428401e+00	1.191017e+00	1.568580e+00
43300	2.057769e+00	1.338504e+00	9.533371e-01	7.304841e-01	5.914724e-01	5.026394e-01	4.388318e-01	2.745275e+00	2.013009e+00	1.564188e+00	1.248098e+00	1.039139e+00	1.807546e+00	1.425120e+00	1.187995e+00	1.564188e+00
43400	2.052768e+00	1.335074e+00	9.507637e-01	7.284259e-01	5.900401e-01	5.014576e-01	4.371754e-01	2.738944e+00	2.007880e+00	1.559820e+00	1.244700e+00	1.036093e+00	1.803142e+00	1.421830e+00	1.184923e+00	1.559820e+00
43500	2.047791e+00	1.331658e+00	9.482031e-01	7.263772e-01	5.886149e-01	5.002695e-01	4.357458e-01	2.732633e+00	2.002781e+00	1.555475e+00	1.241369e+00	1.035391e+00	1.798760e+00	1.418570e+00	1.183453e+00	1.555475e+00
43600	2.042836e+00	1.328255e+00	9.456552e-01	7.243379e-01	5.871968e-01	4.990843e-01	4.344787e-01	2.726344e+00	1.997711e+00	1.551155e+00	1.238071e+00	1.033613e+00	1.794402e+00	1.415344e+00	1.182025e+00	1.551155e+00
43700	2.037904e+00	1.324865e+00	9.431200e-01	7.223078e-01	5.857856e-01	4.978987e-01	4.329441e-01	2.720074e+00	1.992672e+00	1.546858e+00	1.234804e+00	1.031874e+00	1.790066e+00	1.412148e+00	1.180640e+00	1.546858e+00
43800	2.032995e+00	1.321488e+00	9.405972e-01	7.202869e-01	5.843812e-01	4.967061e-01	4.312120e-01	2.713825e+00	1.987662e+00	1.542586e+00	1.231569e+00	1.030178e+00	1.785754e+00	1.408986e+00	1.176094e+00	1.542586e+00
43900	2.028108e+00	1.318123e+00	9.380869e-01	7.182751e-01	5.829832e-01	4.955062e-01	4.297099e-01	2.707594e+00	1.982681e+00	1.538337e+00	1.228366e+00	1.029672e+00	1.781464e+00	1.405768e+00	1.174620e+00	1.538337e+00
44000	2.023243e+00	1.314771e+00	9.355889e-01	7.162724e-01	5.815915e-01	4.943081e-01	4.283719e-01	2.701383e+00	1.977731e+00	1.534113e+00	1.225233e+00	1.026976e+00	1.777196e+00	1.402668e+00	1.174950e+00	1.534113e+00
44100	2.018401e+00	1.311432e+00	9.331031e-01	7.142786e-01	5.802060e-01	4.931085e-01	4.267604e-01	2.695189e+00	1.972810e+00	1.529913e+00	1.222058e+00	1.024180e+00	1.772952e+00	1.399557e+00	1.170399e+00	1.529913e+00
44200	2.013580e+00	1.308104e+00	9.306294e-01	7.122937e-01	5.788265e-01	4.919009e-01	4.250342e-01	2.689014e+00	1.967918e+00	1.525736e+00	1.218951e+00	1.026134e+00	1.768729e+00	1.396432e+00	1.169034e+00	1.525736e+00
44300	2.008781e+00	1.304788e+00	9.281677e-01	7.103175e-01	5.774527e-01	4.906880e-01	4.234600e-01	2.682856e+00	1.963057e+00	1.521584e+00	1.215951e+00	1.024791e+00	1.764529e+00	1.393384e+00	1.167786e+00	1.521584e+00
44400	2.004003e+00	1.301484e+00	9.257178e-01	7.083500e-01	5.760845e-01	4.894728e-01	4.218698e-01	2.676715e+00	1.958224e+00	1.517457e+00	1.212910e+00	1.021012e+00	1.760351e+00	1.390321e+00	1.164858e+00	1.517457e+00
44500	1.999247e+00	1.298191e+00	9.232798e-01	7.063911e-01	5.747217e-01	4.882518e-01	4.202578e-01	2.670591e+00	1.953422e+00	1.513353e+00	1.209900e+00	1.020786e+00	1.756195e+00	1.387290e+00	1.163603e+00	1.513353e+00
44600	1.994512e+00	1.294910e+00	9.208534e-01	7.044408e-01	5.733641e-01	4.870281e-01	4.186292e-01	2.664484e+00	1.948649e+00	1.509274e+00	1.206960e+00	1.019494e+00	1.752061e+00	1.384289e+00	1.160728e+00	1.509274e+00
44700	1.989798e+00	1.291639e+00	9.184386e-01	7.024989e-01	5.720116e-01	4.857981e-01	4.167992e-01	2.658392e+00	1.943905e+00	1.505219e+00	1.204015e+00	1.016989e+00	1.747949e+00	1.381275e+00	1.157797e+00	1.505219e+00
44800	1.985104e+00	1.288378e+00	9.160353e-01	7.005654e-01	5.706639e-01	4.845583e-01	4.151179e-01	2.652315e+00	1.939191e+00	1.501188e+00	1.201103e+00	1.016903e+00	1.743858e+00	1.378290e+00	1.158236e+00	1.501188e+00
44900	1.980432e+00	1.285129e+00	9.136433e-01	6.986401e-01	5.693208e-01	4.833181e-01	4.485137e-01	2.646253e+00	1.934507e+00	1.497181e+00	1.198259e+00	1.107067e+00	1.739789e+00	1.375381e+00	1.266521e+00	1.497181e+00
45000	1.975780e+00	1.281889e+00	9.112626e-01	6.967230e-01	5.679823e-01	4.833181e-01	4.485137e-01	2.640206e+00	1.929851e+00	1.493199e+00	1.198259e+00	1.107067e+00	1.735742e+00	1.375381e+00	1.266521e+00	1.493199e+00
